Cenario,BandA,BandB,RTTA,RTTB,SentA,SentB,Sent,Retrans,Lost,Time
1,0.465,3.674,0.0907,0.0907,1937,14048,15985,163,161,43.961792331
2,0.578,3.237,0.0920,0.0920,2551,13901,16452,592,566,46.798980937
3,0.773,3.627,0.0985,0.0985,2828,13532,16360,521,494,40.23472117
4,0.879,4.817,0.3542,0.3542,2582,13760,16342,521,494,31.021033109
5,0.961,4.874,0.0898,0.0898,2814,13166,15980,210,182,30.547011819
6,0.990,3.787,0.0800,0.0800,3404,12809,16213,325,321,36.556625451
7,1.154,4.793,0.0847,0.0847,3167,13121,16288,505,503,29.641333905
8,1.160,3.270,0.0741,0.0741,4266,12068,16334,471,437,39.208567416
9,1.229,4.456,0.0806,0.0806,3529,12933,16462,601,574,30.652719096
10,1.619,4.822,0.0968,0.0968,4112,12001,16113,244,244,26.947536592
11,1.677,3.420,0.8779,0.8779,5222,10687,15909,66,39,34.091950105
12,1.697,4.961,0.9433,0.9433,4130,12290,16420,576,574,26.404729764
13,1.721,4.545,0.0890,0.0890,4375,11847,16222,392,360,27.737372401
14,1.922,4.498,0.0843,0.0843,4961,11355,16316,422,395,27.079812792
15,2.088,3.354,0.0903,0.0903,6321,9832,16153,326,299,32.486404798
16,2.243,4.675,0.7484,0.7484,5469,11022,16491,631,599,25.120984844
17,2.272,3.311,0.0916,0.0916,6549,9759,16308,445,444,31.20524726
18,2.274,4.828,0.0793,0.0793,5252,11280,16532,719,689,25.725940822
19,2.480,3.814,0.0834,0.0834,6258,9726,15984,138,111,27.548736928
20,2.584,3.557,0.0796,0.0796,6719,9464,16183,254,227,28.21878749
21,2.598,4.376,0.0764,0.0764,6078,10156,16234,330,324,25.018341443
22,2.653,3.448,0.0807,0.0807,6930,9119,16049,191,164,28.403848674
23,2.675,4.744,0.0864,0.0864,5803,10431,16234,330,327,23.357699283
24,2.774,4.114,0.8177,0.8177,6497,9977,16474,567,540,25.348841212
25,2.984,3.893,0.0796,0.0796,7310,9117,16427,535,529,25.292633246
26,3.237,0.578,0.0832,0.0832,13948,2512,16460,603,577,46.115524783
27,3.270,1.160,0.7412,0.7412,12097,4274,16371,483,483,39.224801149
28,3.311,2.272,0.0899,0.0899,9873,6529,16402,507,501,31.427687537
29,3.354,2.088,0.0786,0.0786,9706,6474,16180,278,251,31.875847223
30,3.420,1.677,0.0958,0.0958,10714,5185,15899,48,47,33.997952927
31,3.448,2.653,0.0788,0.0788,9122,6889,16011,147,146,28.462212065
32,3.557,2.584,0.0871,0.0871,9411,6716,16127,232,228,28.303974479
33,3.627,0.773,0.8394,0.8394,13442,2854,16296,460,458,39.983507991
34,3.674,0.465,0.8767,0.8767,14006,1892,15898,132,119,43.130571802
35,3.787,0.990,0.0945,0.0945,12772,3407,16179,325,297,36.705985112
36,3.814,2.480,0.0900,0.0900,9775,6255,16030,160,129,27.517599663
37,3.893,2.984,0.0863,0.0863,9293,7106,16399,532,531,25.292087567
38,4.114,2.774,0.0816,0.0816,10000,6478,16478,597,566,25.213442041
39,4.376,2.598,0.0861,0.0861,10144,6052,16196,334,309,24.859007055
40,4.456,1.229,0.0816,0.0816,12835,3567,16402,544,513,30.817666333
41,4.498,1.922,0.0863,0.0863,11187,5058,16245,399,398,27.0814375
42,4.545,1.721,0.0935,0.0935,11873,4411,16284,408,381,27.761546386
43,4.675,2.243,0.4446,0.4446,11210,5325,16535,672,645,25.191252731
44,4.744,2.675,0.0802,0.0802,10388,5808,16196,347,346,23.31912815
45,4.793,1.154,0.0848,0.0848,13060,3213,16273,468,467,30.03546099
46,4.817,0.879,0.0808,0.0808,13775,2602,16377,553,550,31.38748442
47,4.822,1.619,0.0887,0.0887,12037,4099,16136,294,264,26.931880335
48,4.828,2.274,0.0805,0.0805,11389,5197,16586,711,683,24.504678187
49,4.874,0.961,0.0839,0.0839,13212,2764,15976,205,175,30.209324398
50,4.961,1.697,0.0878,0.0878,12183,4137,16320,522,520,26.62720314
51,0.465,3.674,0.0957,0.0957,1926,14036,15962,165,137,43.587667735
52,0.578,3.237,0.0874,0.0874,2519,13900,16419,575,548,46.088094878
53,0.773,3.627,0.0920,0.0920,2892,13439,16331,498,494,40.648413467
54,0.879,4.817,0.3765,0.3765,2565,13812,16377,542,515,30.774990607
55,0.961,4.874,0.0872,0.0872,2846,13208,16054,234,202,30.050880856
56,0.990,3.787,0.0894,0.0894,3408,12784,16192,353,325,36.62403921
57,1.154,4.793,0.0989,0.0989,3199,13090,16289,470,439,29.478475316
58,1.160,3.270,0.0846,0.0846,4254,12041,16295,431,404,39.246133616
59,1.229,4.456,0.0899,0.0899,3565,12822,16387,536,509,30.924628619
60,1.619,4.822,0.3725,0.3725,4188,11899,16087,243,241,27.456768607
61,1.677,3.420,0.0807,0.0807,5238,10671,15909,87,61,34.325641694
62,1.697,4.961,0.0789,0.0789,4158,12205,16363,531,527,26.709978795
63,1.721,4.545,0.0766,0.0766,4430,11879,16309,455,424,27.940242596
64,1.922,4.498,0.0795,0.0795,4964,11308,16272,403,394,27.741109166
65,2.088,3.354,0.4651,0.4651,6516,9719,16235,290,259,31.829734005
66,2.243,4.675,0.9277,0.9277,5399,11158,16557,627,621,25.354779145
67,2.272,3.311,0.0955,0.0955,6545,9850,16395,494,463,31.171564566
68,2.274,4.828,0.0737,0.0737,5220,11321,16541,643,643,24.446239451
69,2.480,3.814,0.0764,0.0764,6236,9739,15975,148,122,27.676090255
70,2.584,3.557,0.0863,0.0863,6725,9349,16074,212,211,28.912987267
71,2.598,4.376,0.0746,0.0746,6203,9978,16181,332,305,24.914184159
72,2.653,3.448,0.0854,0.0854,6976,9093,16069,190,190,28.51325693
73,2.675,4.744,0.0888,0.0888,5802,10379,16181,336,306,23.367608473
74,2.774,4.114,0.4318,0.4318,6452,10024,16476,577,550,25.185998007
75,2.984,3.893,0.2244,0.2244,7165,9252,16417,539,508,25.401511779
76,3.237,0.578,0.0806,0.0806,13937,2542,16479,609,581,46.648457189
77,3.270,1.160,0.0878,0.0878,12067,4277,16344,474,444,39.317785137
78,3.311,2.272,0.3489,0.3489,9868,6550,16418,493,466,31.063496577
79,3.354,2.088,0.0974,0.0974,9699,6469,16168,284,254,31.825726503
80,3.420,1.677,0.0886,0.0886,10708,5199,15907,95,68,34.031649593
81,3.448,2.653,0.0803,0.0803,9130,6958,16088,197,167,28.379760514
82,3.557,2.584,0.0799,0.0799,9453,6703,16156,221,216,28.176296326
83,3.627,0.773,0.0840,0.0840,13535,2846,16381,507,506,40.098786528
84,3.674,0.465,0.4929,0.4929,14043,1933,15976,161,134,43.669474991
85,3.787,0.990,0.0878,0.0878,12795,3390,16185,346,320,36.660816932
86,3.814,2.480,0.0816,0.0816,9598,6386,15984,120,93,27.592966522
87,3.893,2.984,0.0813,0.0813,9310,7127,16437,553,521,25.248181104
88,4.114,2.774,0.17333,0.17333,10018,6465,16483,568,567,25.184761315
89,4.376,2.598,0.0820,0.0820,9987,6225,16212,296,296,24.965823684
90,4.456,1.229,0.1019,0.1019,12892,3533,16425,554,527,30.649235707
91,4.498,1.922,0.0771,0.0771,11392,4945,16337,436,410,27.014411159
92,4.545,1.721,0.1010,0.1010,11916,4361,16277,405,404,27.77684314
93,4.675,2.243,0.0898,0.0898,11149,5311,16460,605,605,25.565718711
94,4.744,2.675,0.18692,0.18692,10316,5916,16232,336,309,23.386748061
95,4.793,1.154,0.0789,0.0789,13108,3178,16286,485,481,29.351650047
96,4.817,0.879,0.0883,0.0883,13791,2558,16349,537,510,30.729255295
97,4.822,1.619,0.0871,0.0871,12069,4143,16212,340,313,27.147342681
98,4.828,2.274,0.0897,0.0897,11315,5208,16523,688,658,24.517655233
99,4.874,0.961,0.0992,0.0992,13236,2757,15993,225,194,29.985983115
100,4.961,1.697,0.0754,0.0754,12256,4110,16366,538,511,26.143363039
101,0.465,3.674,0.0831,0.0831,1874,14106,15980,160,130,42.432107931
102,0.578,3.237,0.0887,0.0887,2497,13935,16432,592,566,46.249393074
103,0.773,3.627,0.0906,0.0906,2867,13477,16344,517,490,40.365357973
104,0.879,4.817,0.0810,0.0810,2568,13785,16353,531,503,30.863504586
105,0.961,4.874,0.0983,0.0983,2753,13300,16053,247,221,30.015909478
106,0.990,3.787,0.0908,0.0908,3374,12788,16162,339,312,36.450756696
107,1.154,4.793,0.0932,0.0932,3247,13041,16288,434,431,29.91763345
108,1.160,3.270,0.0801,0.0801,4250,12038,16288,473,447,39.32287094
109,1.229,4.456,0.0939,0.0939,3561,12863,16424,562,536,30.840463061
110,1.619,4.822,0.7943,0.7943,4115,12029,16144,304,277,27.001767566
111,1.677,3.420,0.0809,0.0809,5198,10663,15861,79,50,34.051704061
112,1.697,4.961,0.0832,0.0832,4066,12271,16337,509,504,26.123472676
113,1.721,4.545,0.0876,0.0876,4393,11895,16288,365,364,27.680988552
114,1.922,4.498,0.0865,0.0865,5121,11156,16277,415,385,27.168028782
115,2.088,3.354,0.0866,0.0866,6489,9682,16171,277,271,32.429266246
116,2.243,4.675,0.0803,0.0803,5302,11151,16453,591,583,25.347977669
117,2.272,3.311,0.0839,0.0839,6504,9820,16324,462,432,31.046265996
118,2.274,4.828,0.0802,0.0802,5181,11347,16528,647,642,24.539341226
119,2.480,3.814,0.0735,0.0735,6249,9729,15978,149,122,27.527392515
120,2.584,3.557,0.10534,0.10534,6706,9401,16107,229,202,28.410572306
121,2.598,4.376,0.0908,0.0908,6094,10146,16240,341,311,24.86374039
122,2.653,3.448,0.0872,0.0872,6954,9137,16091,202,175,28.475913229
123,2.675,4.744,0.0795,0.0795,5867,10363,16230,316,311,23.528472493
124,2.774,4.114,0.8112,0.8112,6488,10035,16523,621,595,25.160364059
125,2.984,3.893,0.0784,0.0784,7155,9243,16398,550,524,25.255159286
126,3.237,0.578,0.0721,0.0721,13939,2561,16500,617,590,46.45630224
127,3.270,1.160,0.0770,0.0770,12013,4311,16324,475,471,39.837647288
128,3.311,2.272,0.0937,0.0937,9827,6506,16333,472,441,31.027444969
129,3.354,2.088,0.0872,0.0872,9705,6498,16203,251,224,31.863584461
130,3.420,1.677,0.0798,0.0798,10681,5177,15858,75,48,34.186794704
131,3.448,2.653,0.0815,0.0815,9083,6948,16031,188,161,28.38748814
132,3.557,2.584,0.0915,0.0915,9455,6748,16203,259,228,28.267828008
133,3.627,0.773,0.0844,0.0844,13495,2829,16324,462,436,39.831410016
134,3.674,0.465,0.0962,0.0962,13913,2159,16072,161,135,44.491076848
135,3.787,0.990,0.0827,0.0827,12816,3383,16199,346,319,36.538780465
136,3.814,2.480,0.0972,0.0972,9588,6408,15996,110,108,27.49816009
137,3.893,2.984,0.0893,0.0893,9102,7356,16458,554,527,25.223167604
138,4.114,2.774,0.4537,0.4537,9969,6430,16399,554,529,25.744833517
139,4.376,2.598,0.0786,0.0786,10185,6025,16210,285,282,24.853226821
140,4.456,1.229,0.0737,0.0737,12881,3559,16440,508,506,30.611875092
141,4.498,1.922,0.0989,0.0989,11353,4953,16306,413,382,27.595510329
142,4.545,1.721,0.0926,0.0926,11914,4377,16291,419,418,27.664274709
143,4.675,2.243,0.4389,0.4389,11165,5326,16491,597,595,25.156761467
144,4.744,2.675,0.8817,0.8817,,,0,0,0,
145,4.793,1.154,0.0686,0.0686,13154,3160,16314,504,477,29.278707745
146,4.817,0.879,0.0811,0.0811,13733,2578,16311,508,480,30.9250278
147,4.822,1.619,0.0941,0.0941,12033,4109,16142,305,280,26.954307712
148,4.828,2.274,0.0809,0.0809,11355,5217,16572,669,668,24.618146788
149,4.874,0.961,0.0746,0.0746,13234,2761,15995,180,178,29.945163063
150,4.961,1.697,0.0791,0.0791,12226,4128,16354,563,527,26.494304182
151,0.465,3.674,0.0955,0.0955,1883,14088,15971,168,152,42.949453732
152,0.578,3.237,0.0891,0.0891,2592,13895,16487,636,609,47.474414836
153,0.773,3.627,0.0691,0.0691,2909,13474,16383,531,504,40.743294626
154,0.879,4.817,0.0895,0.0895,2572,13791,16363,543,516,31.184729648
155,0.961,4.874,0.0793,0.0793,2763,13203,15966,168,166,30.193987729
156,0.990,3.787,0.0967,0.0967,3390,12752,16142,319,289,37.579915147
157,1.154,4.793,0.0790,0.0790,3190,13122,16312,500,470,29.617686844
158,1.160,3.270,0.0777,0.0777,4329,12006,16335,470,444,39.833876294
159,1.229,4.456,0.0821,0.0821,3545,12827,16372,517,516,30.733918697
160,1.619,4.822,0.1009,0.1009,4137,12010,16147,300,273,27.320996615
161,1.677,3.420,0.0886,0.0886,5221,10682,15903,72,46,34.042606151
162,1.697,4.961,0.0950,0.0950,4073,12228,16301,513,486,26.222056096
163,1.721,4.545,0.0990,0.0990,4447,11809,16256,374,372,28.027243407
164,1.922,4.498,0.0868,0.0868,4983,11314,16297,433,402,27.211022497
165,2.088,3.354,0.0798,0.0798,6406,9724,16130,254,226,31.965547195
166,2.243,4.675,0.8384,0.8384,5348,11131,16479,616,585,25.279928954
167,2.272,3.311,0.9123,0.9123,6501,9908,16409,505,474,31.02141498
168,2.274,4.828,0.0885,0.0885,5256,11315,16571,726,725,25.20260333
169,2.480,3.814,0.0814,0.0814,6305,9660,15965,110,109,27.71607059
170,2.584,3.557,0.4752,0.4752,6726,9472,16198,286,259,28.243897434
171,2.598,4.376,0.0877,0.0877,6047,10161,16208,357,326,24.836917124
172,2.653,3.448,0.0715,0.0715,6971,9080,16051,192,165,28.481252582
173,2.675,4.744,0.0820,0.0820,5833,10367,16200,356,331,23.400391544
174,2.774,4.114,0.10628,0.10628,6471,10073,16544,645,614,25.193212651
175,2.984,3.893,0.0754,0.0754,7198,9238,16436,508,503,25.344672916
176,3.237,0.578,0.0835,0.0835,13958,2533,16491,617,586,48.222109802
177,3.270,1.160,0.8640,0.8640,11968,4272,16240,416,415,40.009817962
178,3.311,2.272,0.9454,0.9454,9780,6571,16351,443,438,31.049281014
179,3.354,2.088,0.0931,0.0931,9703,6518,16221,282,252,31.986488341
180,3.420,1.677,0.0949,0.0949,10693,5194,15887,70,43,33.990296783
181,3.448,2.653,0.0725,0.0725,8947,7153,16100,175,173,28.3653321
182,3.557,2.584,0.0636,0.0636,9396,6780,16176,262,235,28.204523697
183,3.627,0.773,0.0884,0.0884,13468,2951,16419,535,506,42.140090765
184,3.674,0.465,0.0803,0.0803,14075,1888,15963,170,142,42.444269366
185,3.787,0.990,0.0930,0.0930,12760,3494,16254,380,353,36.527858367
186,3.814,2.480,0.0870,0.0870,9717,6248,15965,130,99,27.524256151
187,3.893,2.984,0.0862,0.0862,9103,7325,16428,525,494,25.235074465
188,4.114,2.774,0.0818,0.0818,9954,6475,16429,578,548,25.186588445
189,4.376,2.598,0.0957,0.0957,10135,6058,16193,313,312,24.904005263
190,4.456,1.229,0.0812,0.0812,12777,3614,16391,538,511,31.407653218
191,4.498,1.922,0.0853,0.0853,11364,4960,16324,399,398,27.050146202
192,4.545,1.721,0.0815,0.0815,11909,4401,16310,432,401,27.787835026
193,4.675,2.243,0.3709,0.3709,11221,5360,16581,656,629,25.113660065
194,4.744,2.675,0.0881,0.0881,10378,5826,16204,322,296,23.369838924
195,4.793,1.154,0.0774,0.0774,13180,3173,16353,512,511,29.513068084
196,4.817,0.879,0.0800,0.0800,13798,2576,16374,507,506,30.793428438
197,4.822,1.619,0.0670,0.0670,11963,4142,16105,270,244,27.042283622
198,4.828,2.274,0.0755,0.0755,11268,5267,16535,694,667,24.605753378
199,4.874,0.961,0.0761,0.0761,13263,2748,16011,196,165,29.901157146
200,4.961,1.697,0.0495,0.0495,12128,4241,16369,528,502,26.681456869
201,0.465,3.674,0.0958,0.0958,1927,14022,15949,133,128,43.473970666
202,0.578,3.237,0.0897,0.0897,2526,13940,16466,605,575,46.434275941
203,0.773,3.627,0.0858,0.0858,2854,13510,16364,514,486,40.084347117
204,0.879,4.817,0.8419,0.8419,2567,13801,16368,527,499,30.91874864
205,0.961,4.874,0.0859,0.0859,2759,13198,15957,189,163,30.212376433
206,0.990,3.787,0.0932,0.0932,3398,12756,16154,322,295,36.800239708
207,1.154,4.793,0.0896,0.0896,3176,13137,16313,493,465,29.355857478
208,1.160,3.270,0.0842,0.0842,4307,12035,16342,432,428,39.749325404
209,1.229,4.456,0.0964,0.0964,3538,12866,16404,525,498,30.710558375
210,1.619,4.822,0.8183,0.8183,4124,11985,16109,269,243,27.108418052
211,1.677,3.420,0.0752,0.0752,5195,10665,15860,71,45,34.112148737
212,1.697,4.961,0.0823,0.0823,4116,12237,16353,542,515,26.408173033
213,1.721,4.545,0.0961,0.0961,4431,11845,16276,401,398,28.057212554
214,1.922,4.498,0.0794,0.0794,4942,11313,16255,349,345,27.939647935
215,2.088,3.354,0.0843,0.0843,6466,9723,16189,290,259,31.878556773
216,2.243,4.675,0.0851,0.0851,5308,11195,16503,616,588,25.074400823
217,2.272,3.311,0.0901,0.0901,6524,9815,16339,499,467,31.147286769
218,2.274,4.828,0.0985,0.0985,5251,11299,16550,717,689,24.582872783
219,2.480,3.814,0.0759,0.0759,6264,9693,15957,124,97,27.557831267
220,2.584,3.557,0.0839,0.0839,6881,9227,16108,252,222,28.236955126
221,2.598,4.376,0.0858,0.0858,6072,10136,16208,336,306,25.450640913
222,2.653,3.448,0.0890,0.0890,7195,8967,16162,246,219,28.507083722
223,2.675,4.744,0.0884,0.0884,5826,10431,16257,386,355,23.408140515
224,2.774,4.114,0.8667,0.8667,6527,9959,16486,563,563,25.326877286
225,2.984,3.893,0.1048,0.1048,7134,9310,16444,538,511,25.363241065
226,3.237,0.578,0.0855,0.0855,13954,2503,16457,608,581,45.955473188
227,3.270,1.160,0.8909,0.8909,12029,4343,16372,473,447,39.695520654
228,3.311,2.272,0.9567,0.9567,9789,6555,16344,500,497,31.244713222
229,3.354,2.088,0.0727,0.0727,9706,6467,16173,275,244,31.835072612
230,3.420,1.677,0.0808,0.0808,10714,5204,15918,94,67,34.072500699
231,3.448,2.653,0.0817,0.0817,9156,6939,16095,192,165,28.383665623
232,3.557,2.584,0.0741,0.0741,9230,6865,16095,195,193,28.165157574
233,3.627,0.773,0.0841,0.0841,13553,2835,16388,536,530,40.28979804
234,3.674,0.465,0.0910,0.0910,14087,1867,15954,154,125,42.499469507
235,3.787,0.990,0.0825,0.0825,12814,3397,16211,374,347,36.620528978
236,3.814,2.480,0.0619,0.0619,9728,6277,16005,154,126,27.678817516
237,3.893,2.984,0.0864,0.0864,9084,7365,16449,544,517,25.219939274
238,4.114,2.774,0.0799,0.0799,9989,6460,16449,593,567,25.168484346
239,4.376,2.598,0.0919,0.0919,10127,6058,16185,320,289,24.897132701
240,4.456,1.229,0.0797,0.0797,12840,3545,16385,509,508,30.94351745
241,4.498,1.922,0.0611,0.0611,11323,4995,16318,442,410,27.102123453
242,4.545,1.721,0.0826,0.0826,11858,4405,16263,368,366,27.685957035
243,4.675,2.243,0.0828,0.0828,11206,5327,16533,628,597,25.163328976
244,4.744,2.675,0.0887,0.0887,10368,5838,16206,335,308,23.387413391
245,4.793,1.154,0.0839,0.0839,13154,3233,16387,541,509,29.449648968
246,4.817,0.879,0.0785,0.0785,13802,2521,16323,536,534,30.743757882
247,4.822,1.619,0.0943,0.0943,12018,4147,16165,333,303,26.960525761
248,4.828,2.274,0.0919,0.0919,11300,5191,16491,646,621,24.537846816
249,4.874,0.961,0.0839,0.0839,13177,2841,16018,187,160,30.031477477
250,4.961,1.697,0.0871,0.0871,12272,4030,16302,519,493,26.19798828
251,0.465,3.674,0.0846,0.0846,1912,14057,15969,155,126,43.777285433
252,0.578,3.237,0.0896,0.0896,2517,13922,16439,590,562,46.167086276
253,0.773,3.627,0.1052,0.1052,2881,13432,16313,474,447,40.374325254
254,0.879,4.817,0.0815,0.0815,2586,13786,16372,563,535,30.945024422
255,0.961,4.874,0.0932,0.0932,2757,13177,15934,169,167,30.168582112
256,0.990,3.787,0.0784,0.0784,3377,12836,16213,358,331,36.434109563
257,1.154,4.793,0.0903,0.0903,3253,13029,16282,417,416,29.902076483
258,1.160,3.270,0.0883,0.0883,4300,12047,16347,500,473,39.45187529
259,1.229,4.456,0.0878,0.0878,3584,12845,16429,562,536,31.210214292
260,1.619,4.822,0.8175,0.8175,4112,12003,16115,313,286,27.001419606
261,1.677,3.420,0.0863,0.0863,5249,10643,15892,54,48,34.225785962
262,1.697,4.961,0.0946,0.0946,4085,12236,16321,514,487,26.27557043
263,1.721,4.545,0.0924,0.0924,4396,11858,16254,367,366,27.759728365
264,1.922,4.498,0.0803,0.0803,4980,11289,16269,389,387,27.190710814
265,2.088,3.354,0.0968,0.0968,6509,9737,16246,292,264,32.103651879
266,2.243,4.675,0.0947,0.0947,5322,11218,16540,639,613,25.200016591
267,2.272,3.311,0.0887,0.0887,6508,9819,16327,485,459,31.026867054
268,2.274,4.828,0.0884,0.0884,5214,11416,16630,725,695,24.49604027
269,2.480,3.814,0.0897,0.0897,6257,9723,15980,133,103,27.515445846
270,2.584,3.557,0.0753,0.0753,6896,9246,16142,218,213,28.442073708
271,2.598,4.376,0.0930,0.0930,6056,10127,16183,322,296,24.878800464
272,2.653,3.448,0.0777,0.0777,6939,9067,16006,178,151,28.379824325
273,2.675,4.744,0.0930,0.0930,5810,10360,16170,328,301,23.404668529
274,2.774,4.114,0.4338,0.4338,6470,9988,16458,562,559,25.165839808
275,2.984,3.893,0.10310,0.10310,7193,9191,16384,548,520,25.423877983
276,3.237,0.578,0.1002,0.1002,13992,2531,16523,626,598,46.25642136
277,3.270,1.160,0.0860,0.0860,12021,4284,16305,479,452,39.326850403
278,3.311,2.272,0.0782,0.0782,9838,6511,16349,496,470,31.030182865
279,3.354,2.088,0.0869,0.0869,9672,6500,16172,277,250,31.961496007
280,3.420,1.677,0.0702,0.0702,10657,5200,15857,49,47,34.098386569
281,3.448,2.653,0.0783,0.0783,9083,6923,16006,175,174,28.485637486
282,3.557,2.584,0.0880,0.0880,9442,6719,16161,251,224,28.215286804
283,3.627,0.773,0.0698,0.0698,13463,2899,16362,474,473,40.59275807
284,3.674,0.465,0.8686,0.8686,14070,1918,15988,187,159,44.078780964
285,3.787,0.990,0.0819,0.0819,12806,3392,16198,353,327,36.531364425
286,3.814,2.480,0.0853,0.0853,9722,6239,15961,149,119,27.625287753
287,3.893,2.984,0.0872,0.0872,9223,7149,16372,533,506,25.212869232
288,4.114,2.774,0.2583,0.2583,10008,6458,16466,577,576,25.315509793
289,4.376,2.598,0.0819,0.0819,10145,6074,16219,357,327,24.873776828
290,4.456,1.229,0.0895,0.0895,12884,3590,16474,593,565,31.172796114
291,4.498,1.922,0.0884,0.0884,11320,4933,16253,370,340,27.034915825
292,4.545,1.721,0.0984,0.0984,11839,4453,16292,405,377,27.886133138
293,4.675,2.243,0.14537,0.14537,11168,5322,16490,643,616,25.265517537
294,4.744,2.675,0.0861,0.0861,10390,5804,16194,301,300,23.332383131
295,4.793,1.154,0.0877,0.0877,13170,3179,16349,493,490,29.595803837
296,4.817,0.879,0.1030,0.1030,13800,2563,16363,537,535,31.142860309
297,4.822,1.619,0.1001,0.1001,12107,4116,16223,315,287,27.027995577
298,4.828,2.274,0.0859,0.0859,11320,5204,16524,687,660,24.59120057
299,4.874,0.961,0.0724,0.0724,13226,2748,15974,196,168,29.959589652
300,4.961,1.697,0.0794,0.0794,12255,4094,16349,523,522,26.388171322
301,0.465,3.674,0.0767,0.0767,1926,14044,15970,152,147,44.562267318
302,0.578,3.237,0.0811,0.0811,2606,13863,16469,579,572,47.999922865
303,0.773,3.627,0.0848,0.0848,2915,13449,16364,508,478,40.786845414
304,0.879,4.817,0.0796,0.0796,2625,13752,16377,532,531,31.360095759
305,0.961,4.874,0.0978,0.0978,2759,13227,15986,176,174,29.934603836
306,0.990,3.787,0.0808,0.0808,3429,12772,16201,340,334,36.883080553
307,1.154,4.793,0.0822,0.0822,3191,13076,16267,479,452,29.551752055
308,1.160,3.270,0.0936,0.0936,4309,12061,16370,490,463,39.676202273
309,1.229,4.456,0.0820,0.0820,3590,12858,16448,574,546,31.083444201
310,1.619,4.822,0.8535,0.8535,4103,12045,16148,270,269,27.104186477
311,1.677,3.420,0.0739,0.0739,5232,10676,15908,88,61,34.188058835
312,1.697,4.961,0.0774,0.0774,4045,12321,16366,560,533,26.245444226
313,1.721,4.545,0.0765,0.0765,4401,11863,16264,390,389,28.063557376
314,1.922,4.498,0.0869,0.0869,4959,11383,16342,447,420,27.029514906
315,2.088,3.354,0.0754,0.0754,6515,9686,16201,271,264,31.896096297
316,2.243,4.675,0.0812,0.0812,5347,11104,16451,594,592,25.142179331
317,2.272,3.311,0.0925,0.0925,6537,9803,16340,494,466,31.763303952
318,2.274,4.828,0.0728,0.0728,5247,11259,16506,660,659,24.718561562
319,2.480,3.814,0.0875,0.0875,6283,9742,16025,172,145,27.615672525
320,2.584,3.557,0.0818,0.0818,6745,9318,16063,195,193,28.302417075
321,2.598,4.376,0.0828,0.0828,6049,10137,16186,343,313,24.949178597
322,2.653,3.448,0.0849,0.0849,7125,8943,16068,185,158,28.409043408
323,2.675,4.744,0.0786,0.0786,5838,10324,16162,329,324,23.445722675
324,2.774,4.114,0.6210,0.6210,6497,10038,16535,634,603,25.208801434
325,2.984,3.893,0.0873,0.0873,7111,9348,16459,550,524,25.244697541
326,3.237,0.578,0.0928,0.0928,13929,2537,16466,572,571,47.859221139
327,3.270,1.160,0.0803,0.0803,12056,4243,16299,454,449,39.955919064
328,3.311,2.272,0.8982,0.8982,9876,6499,16375,477,449,31.028054636
329,3.354,2.088,0.0900,0.0900,9715,6516,16231,277,250,31.858615851
330,3.420,1.677,0.0939,0.0939,10720,5219,15939,116,89,34.172742549
331,3.448,2.653,0.0843,0.0843,9089,6953,16042,215,185,28.408578598
332,3.557,2.584,0.0926,0.0926,9466,6685,16151,264,233,28.298702152
333,3.627,0.773,0.0906,0.0906,13458,2854,16312,485,483,41.089821384
334,3.674,0.465,0.0843,0.0843,13984,2105,16089,178,150,44.413801893
335,3.787,0.990,0.0890,0.0890,12747,3399,16146,309,308,36.730670267
336,3.814,2.480,0.0797,0.0797,9574,6423,15997,153,122,27.510723529
337,3.893,2.984,0.0928,0.0928,9091,7326,16417,502,475,25.193486206
338,4.114,2.774,0.0847,0.0847,9935,6487,16422,530,525,25.290092832
339,4.376,2.598,0.0867,0.0867,10088,6177,16265,341,316,24.881000062
340,4.456,1.229,0.0972,0.0972,12703,3723,16426,559,532,30.758522945
341,4.498,1.922,0.0904,0.0904,11332,4967,16299,406,403,27.141983021
342,4.545,1.721,0.8717,0.8717,11879,4408,16287,424,397,27.78501377
343,4.675,2.243,0.9059,0.9059,11201,5329,16530,600,598,25.715977537
344,4.744,2.675,0.0849,0.0849,10185,5994,16179,319,318,23.376159945
345,4.793,1.154,0.0747,0.0747,13057,3224,16281,432,432,29.782524026
346,4.817,0.879,0.0839,0.0839,13699,2627,16326,498,471,31.475436545
347,4.822,1.619,0.0877,0.0877,12027,4125,16152,316,289,26.96673145
348,4.828,2.274,0.0921,0.0921,11362,5184,16546,687,681,24.462551318
349,4.874,0.961,0.0863,0.0863,13166,2894,16060,201,174,29.94908217
350,4.961,1.697,0.0846,0.0846,12256,4126,16382,569,563,26.399449265
351,0.465,3.674,0.0835,0.0835,1866,14069,15935,136,132,42.328791447
352,0.578,3.237,0.0856,0.0856,2548,13927,16475,596,589,46.442159559
353,0.773,3.627,0.0822,0.0822,2875,13490,16365,506,480,40.468701434
354,0.879,4.817,0.8162,0.8162,2603,13698,16301,485,482,31.451936691
355,0.961,4.874,0.0825,0.0825,2765,13212,15977,193,166,30.329094248
356,0.990,3.787,0.0872,0.0872,3397,12774,16171,324,297,36.816680091
357,1.154,4.793,0.1020,0.1020,3181,13181,16362,501,474,29.383507049
358,1.160,3.270,0.0838,0.0838,4291,12011,16302,440,439,39.474430083
359,1.229,4.456,0.0755,0.0755,3540,12917,16457,574,546,30.730183066
360,1.619,4.822,0.7253,0.7253,4136,11968,16104,265,262,27.171552977
361,1.677,3.420,0.0856,0.0856,5232,10637,15869,45,40,34.252489564
362,1.697,4.961,0.8910,0.8910,4057,12295,16352,525,498,26.195192311
363,1.721,4.545,0.0808,0.0808,4398,11930,16328,427,400,27.72059175
364,1.922,4.498,0.0923,0.0923,4987,11248,16235,401,375,27.180994373
365,2.088,3.354,0.9437,0.9437,6475,9707,16182,269,238,31.874104888
366,2.243,4.675,0.0818,0.0818,5357,11080,16437,623,597,25.213951035
367,2.272,3.311,0.0818,0.0818,6502,9853,16355,496,465,31.664143961
368,2.274,4.828,0.0890,0.0890,5215,11327,16542,713,682,24.40935053
369,2.480,3.814,0.0733,0.0733,6256,9739,15995,142,115,27.543739982
370,2.584,3.557,0.0834,0.0834,6744,9409,16153,276,246,28.339521363
371,2.598,4.376,0.0863,0.0863,6045,10172,16217,352,322,25.365382205
372,2.653,3.448,0.0956,0.0956,7187,8949,16136,206,201,28.490845689
373,2.675,4.744,0.0845,0.0845,5848,10393,16241,377,372,24.064859724
374,2.774,4.114,0.0932,0.0932,6477,9922,16399,550,519,25.191424415
375,2.984,3.893,0.0833,0.0833,7255,9291,16546,540,512,25.469504081
376,3.237,0.578,0.0815,0.0815,13908,2575,16483,630,602,46.979890828
377,3.270,1.160,0.0808,0.0808,12052,4242,16294,432,405,39.379064766
378,3.311,2.272,0.3881,0.3881,9858,6497,16355,463,462,31.021712982
379,3.354,2.088,0.0982,0.0982,9843,6258,16101,274,269,32.088500974
380,3.420,1.677,0.0858,0.0858,10668,5205,15873,75,45,34.182050247
381,3.448,2.653,0.0778,0.0778,9111,6965,16076,175,148,28.575528008
382,3.557,2.584,0.0895,0.0895,9239,6887,16126,228,202,28.208839166
383,3.627,0.773,0.0840,0.0840,13468,2889,16357,515,488,40.510780633
384,3.674,0.465,0.0829,0.0829,14071,1923,15994,190,163,44.409863577
385,3.787,0.990,0.0920,0.0920,12814,3386,16200,349,322,36.397198331
386,3.814,2.480,0.0932,0.0932,9791,6251,16042,123,122,27.547987116
387,3.893,2.984,0.0928,0.0928,9339,7165,16504,580,574,25.264545854
388,4.114,2.774,0.7082,0.7082,9947,6541,16488,605,576,25.377357654
389,4.376,2.598,0.0891,0.0891,10151,6027,16178,332,305,24.874074536
390,4.456,1.229,0.0904,0.0904,12876,3475,16351,489,489,30.745519324
391,4.498,1.922,0.0840,0.0840,11308,4931,16239,355,353,27.06425263
392,4.545,1.721,0.0812,0.0812,11783,4425,16208,365,338,28.442738148
393,4.675,2.243,0.9334,0.9334,11249,5317,16566,643,614,25.228151158
394,4.744,2.675,0.0923,0.0923,10336,5849,16185,342,315,23.444422058
395,4.793,1.154,0.0781,0.0781,13166,3188,16354,479,478,29.493681588
396,4.817,0.879,0.0733,0.0733,13766,2583,16349,545,518,31.057895639
397,4.822,1.619,0.0770,0.0770,12061,4046,16107,300,269,27.174473411
398,4.828,2.274,0.0892,0.0892,11298,5172,16470,651,623,24.683367063
399,4.874,0.961,0.0935,0.0935,13191,2877,16068,223,192,30.154556093
400,4.961,1.697,0.0820,0.0820,12301,4056,16357,564,535,26.875229813
401,0.465,3.674,0.0987,0.0987,1881,14096,15977,177,147,42.529031002
402,0.578,3.237,0.0799,0.0799,2495,13939,16434,585,557,45.962068517
403,0.773,3.627,0.0805,0.0805,2888,13438,16326,492,489,40.982393817
404,0.879,4.817,0.7896,0.7896,2650,13689,16339,521,513,32.205411941
405,0.961,4.874,0.0851,0.0851,2738,13253,15991,192,166,30.031443554
406,0.990,3.787,0.1004,0.1004,3364,12800,16164,338,311,36.439401673
407,1.154,4.793,0.0841,0.0841,3227,13065,16292,452,451,29.829824753
408,1.160,3.270,0.0867,0.0867,4263,12029,16292,438,412,39.39050767
409,1.229,4.456,0.0912,0.0912,3529,12886,16415,551,524,30.623991399
410,1.619,4.822,0.0967,0.0967,4104,12016,16120,306,280,26.927555759
411,1.677,3.420,0.0930,0.0930,5199,10685,15884,79,49,34.043941454
412,1.697,4.961,0.0874,0.0874,4146,12242,16388,547,544,26.561157347
413,1.721,4.545,0.0741,0.0741,4455,11822,16277,377,376,27.948919832
414,1.922,4.498,0.0751,0.0751,4921,11379,16300,435,403,27.06776644
415,2.088,3.354,0.0779,0.0779,6506,9706,16212,273,247,31.864994282
416,2.243,4.675,0.0736,0.0736,5373,11147,16520,640,608,25.219637101
417,2.272,3.311,0.0965,0.0965,6539,9825,16364,465,463,31.197766444
418,2.274,4.828,0.0732,0.0732,5245,11314,16559,673,671,24.671034063
419,2.480,3.814,0.0883,0.0883,6261,9708,15969,122,121,28.076297375
420,2.584,3.557,0.0881,0.0881,6750,9419,16169,258,228,28.298071083
421,2.598,4.376,0.0776,0.0776,6219,10031,16250,362,335,24.873440878
422,2.653,3.448,0.0795,0.0795,6949,9114,16063,180,150,28.393328061
423,2.675,4.744,0.0865,0.0865,6004,10178,16182,313,313,23.50231166
424,2.774,4.114,0.8165,0.8165,6458,9977,16435,558,527,25.172266975
425,2.984,3.893,0.0826,0.0826,7150,9325,16475,582,555,25.363959181
426,3.237,0.578,0.0762,0.0762,13958,2540,16498,644,617,46.907017378
427,3.270,1.160,0.0847,0.0847,12010,4327,16337,487,460,39.369495521
428,3.311,2.272,0.0803,0.0803,9845,6494,16339,497,472,31.310069965
429,3.354,2.088,0.0815,0.0815,9711,6518,16229,267,240,31.85749421
430,3.420,1.677,0.0825,0.0825,10675,5181,15856,54,52,34.060619313
431,3.448,2.653,0.0865,0.0865,8936,7180,16116,218,187,28.547840598
432,3.557,2.584,0.0739,0.0739,9223,6910,16133,236,209,28.312268821
433,3.627,0.773,0.8826,0.8826,,,0,0,0,
434,3.674,0.465,0.7092,0.7092,14054,1931,15985,163,136,42.776248179
435,3.787,0.990,0.0703,0.0703,12790,3399,16189,333,305,36.618130219
436,3.814,2.480,0.0866,0.0866,9785,6252,16037,149,122,27.560389358
437,3.893,2.984,0.0885,0.0885,9196,7156,16352,496,469,25.341533811
438,4.114,2.774,0.7465,0.7465,9977,6495,16472,566,540,25.319623606
439,4.376,2.598,0.0768,0.0768,9990,6172,16162,324,319,24.854699526
440,4.456,1.229,0.0908,0.0908,12879,3563,16442,553,527,30.823313221
441,4.498,1.922,0.0755,0.0755,11325,4956,16281,371,368,27.08791862
442,4.545,1.721,0.1036,0.1036,11861,4431,16292,364,359,27.995102225
443,4.675,2.243,0.0813,0.0813,10995,5511,16506,615,585,26.093654757
444,4.744,2.675,0.0792,0.0792,10438,5837,16275,369,343,23.364054114
445,4.793,1.154,0.0906,0.0906,13151,3176,16327,494,467,29.434705191
446,4.817,0.879,0.0995,0.0995,13800,2571,16371,528,501,30.837651461
447,4.822,1.619,0.0891,0.0891,12037,4114,16151,310,279,26.987938207
448,4.828,2.274,0.0732,0.0732,11357,5184,16541,648,648,24.502085789
449,4.874,0.961,0.0809,0.0809,13164,2856,16020,178,176,29.972186841
450,4.961,1.697,0.0879,0.0879,12238,4054,16292,494,468,26.12751761
451,0.465,3.674,0.0928,0.0928,1896,14050,15946,168,136,43.193376492
452,0.578,3.237,0.0805,0.0805,2590,13926,16516,618,610,47.172145825
453,0.773,3.627,0.0813,0.0813,2884,13454,16338,502,475,40.47190773
454,0.879,4.817,0.0936,0.0936,2603,13767,16370,518,516,31.298161189
455,0.961,4.874,0.0996,0.0996,2797,13194,15991,192,186,30.96506295
456,0.990,3.787,0.0847,0.0847,3378,12783,16161,318,316,36.438757585
457,1.154,4.793,0.0884,0.0884,3253,13094,16347,494,493,29.884152607
458,1.160,3.270,0.0828,0.0828,4308,12003,16311,436,434,39.821160331
459,1.229,4.456,0.0901,0.0901,3531,12859,16390,501,501,31.276823923
460,1.619,4.822,0.8253,0.8253,4104,12027,16131,315,287,26.966960708
461,1.677,3.420,0.0893,0.0893,5238,10622,15860,53,52,34.296650747
462,1.697,4.961,0.0860,0.0860,4101,12248,16349,518,516,26.311585118
463,1.721,4.545,0.0835,0.0835,4395,11862,16257,382,381,27.687762182
464,1.922,4.498,0.0837,0.0837,5145,11170,16315,411,384,27.557645106
465,2.088,3.354,0.0815,0.0815,6289,9847,16136,236,209,31.840225492
466,2.243,4.675,0.18339,0.18339,5320,11188,16508,629,604,25.059851015
467,2.272,3.311,0.0887,0.0887,6547,9739,16286,426,425,31.15677909
468,2.274,4.828,0.0820,0.0820,5213,11320,16533,687,661,25.013242323
469,2.480,3.814,0.0847,0.0847,6270,9727,15997,150,119,27.619456279
470,2.584,3.557,0.0894,0.0894,6849,9212,16061,227,200,28.327448559
471,2.598,4.376,0.0844,0.0844,6103,10130,16233,299,295,24.997328106
472,2.653,3.448,0.0867,0.0867,7154,8939,16093,163,137,28.397800115
473,2.675,4.744,0.0830,0.0830,6020,10162,16182,305,304,23.520561068
474,2.774,4.114,0.15744,0.15744,6473,9958,16431,566,560,25.147088921
475,2.984,3.893,0.8845,0.8845,7301,9114,16415,527,526,25.566906438
476,3.237,0.578,0.9114,0.9114,13904,2500,16404,543,538,45.951727157
477,3.270,1.160,0.0982,0.0982,12075,4298,16373,498,496,40.059916066
478,3.311,2.272,0.7876,0.7876,9839,6518,16357,507,477,31.357707127
479,3.354,2.088,0.0913,0.0913,9708,6436,16144,249,223,32.034176677
480,3.420,1.677,0.1001,0.1001,10676,5234,15910,86,56,34.10122616
481,3.448,2.653,0.0745,0.0745,8929,7120,16049,179,178,28.860140807
482,3.557,2.584,0.0889,0.0889,9403,6724,16127,200,198,28.287098468
483,3.627,0.773,0.0890,0.0890,13516,2866,16382,516,484,40.132568701
484,3.674,0.465,0.0834,0.0834,14067,1886,15953,159,132,42.847422215
485,3.787,0.990,0.0782,0.0782,12805,3392,16197,345,317,36.539045828
486,3.814,2.480,0.0912,0.0912,9690,6275,15965,135,109,27.577893542
487,3.893,2.984,0.0923,0.0923,9309,7119,16428,533,505,25.493813353
488,4.114,2.774,0.18102,0.18102,10039,6478,16517,620,589,25.188918681
489,4.376,2.598,0.0983,0.0983,10141,6036,16177,298,296,24.996468371
490,4.456,1.229,0.0777,0.0777,12838,3608,16446,577,550,30.741325801
491,4.498,1.922,0.0875,0.0875,11295,4979,16274,407,381,27.582933372
492,4.545,1.721,0.0829,0.0829,11868,4409,16277,401,372,27.731687026
493,4.675,2.243,0.9560,0.9560,11156,5324,16480,625,597,25.113493399
494,4.744,2.675,0.0892,0.0892,10323,5858,16181,319,292,23.438717138
495,4.793,1.154,0.0822,0.0822,13130,3189,16319,508,482,29.474306471
496,4.817,0.879,0.0874,0.0874,13726,2583,16309,494,468,31.012139196
497,4.822,1.619,0.0909,0.0909,11996,4106,16102,281,254,26.913699923
498,4.828,2.274,0.0890,0.0890,11298,5225,16523,676,649,24.497345965
499,4.874,0.961,0.0809,0.0809,13131,2909,16040,198,169,30.128460193
500,4.961,1.697,0.0842,0.0842,12290,4083,16373,532,505,26.094111749
