Cenario,Band,RTT,Sent,Retrans,Lost,Time
1,0.465,0.8452,17617,533,533,373.566685852
2,0.578,0.0832,17305,477,477,300.209830496
3,0.773,0.0869,16776,152,152,224.233925567
4,0.879,0.0950,17234,541,539,197.30708134
5,0.961,0.0807,17553,694,692,180.576583902
6,0.990,0.0852,17294,435,433,175.81698541
7,1.154,0.0821,17024,454,454,150.202759058
8,1.160,0.0758,16983,430,428,149.398230865
9,1.229,0.0847,16981,467,465,141.001403548
10,1.619,0.0886,16861,505,505,106.987882019
11,1.677,0.0816,16183,25,25,103.156046126
12,1.697,0.0833,16411,142,140,101.995842952
13,1.721,0.0879,16438,174,174,100.578310547
14,1.922,0.0908,17166,719,717,90.161972706
15,2.088,0.0825,16820,590,590,83.431968679
16,2.243,0.0927,16666,581,580,77.680219714
17,2.272,0.0812,16253,250,248,76.128857604
18,2.274,0.5131,16497,460,460,76.087104328
19,2.480,0.0894,15953,107,107,69.70144552
20,2.584,0.0834,16155,236,234,66.92238764
21,2.598,0.0879,16536,446,446,66.616945419
22,2.653,0.8180,16141,195,195,65.184467398
23,2.675,0.0802,16477,399,397,64.685818037
24,2.774,0.0893,16289,340,340,62.349496328
25,2.984,0.0828,16866,730,727,58.587586777
26,3.237,0.0893,16694,588,588,53.472209709
27,3.270,0.0712,16369,440,438,52.893654152
28,3.311,0.0873,16581,618,616,52.254709493
29,3.354,0.0872,15769,24,24,51.513331879
30,3.420,0.0849,15826,42,42,50.526037027
31,3.448,0.0859,16046,118,118,50.145044248
32,3.557,0.0898,16148,217,217,48.614498751
33,3.627,0.0848,16620,574,572,47.71195598
34,3.674,0.0809,15933,76,76,47.046126649
35,3.787,0.0739,16209,274,274,45.665856453
36,3.814,0.0826,15952,100,98,45.320213484
37,3.893,0.0961,16279,362,362,44.424163357
38,4.114,0.0841,16828,699,699,42.085990502
39,4.376,0.8353,16167,203,203,39.520688281
40,4.456,0.9837,16490,537,537,38.821757906
41,4.498,0.0865,16191,256,256,38.447100666
42,4.545,0.0812,16391,454,452,38.055572041
43,4.675,0.0863,16730,629,627,37.244782015
44,4.744,0.0889,16225,287,285,36.455540151
45,4.793,0.0924,16555,456,454,36.165705981
46,4.817,0.0808,16527,507,507,35.9204063
47,4.822,0.0890,16135,200,198,35.859260884
48,4.828,0.7125,16804,704,704,35.866969817
49,4.874,0.0914,15882,64,62,35.458134737
50,4.961,0.0752,16604,659,658,35.892231651
51,0.465,0.0876,17435,520,518,373.807890215
52,0.578,0.0926,17313,455,455,300.271496943
53,0.773,0.0816,16742,141,141,224.225255636
54,0.879,0.0871,17102,490,490,197.24876195
55,0.961,0.0834,17589,707,707,180.590054645
56,0.990,0.0747,17103,421,419,175.150636924
57,1.154,0.1075,16971,408,408,150.20137845
58,1.160,0.0765,16971,413,411,149.402784226
59,1.229,0.0856,16984,457,455,141.01162175
60,1.619,0.0872,17056,506,504,107.055926931
61,1.677,0.0902,16221,28,28,103.589815811
62,1.697,0.0806,16367,151,151,101.977616574
63,1.721,0.5470,16489,198,196,100.587065082
64,1.922,0.0873,16974,697,697,90.109580573
65,2.088,0.0888,16988,585,585,82.972368474
66,2.243,0.0882,16702,686,683,77.659699795
67,2.272,0.0769,16261,230,230,76.137975536
68,2.274,0.0837,16560,460,460,76.106356899
69,2.480,0.0850,16069,141,141,69.724043605
70,2.584,0.8809,16168,241,241,66.924379826
71,2.598,0.7371,16435,461,461,66.584447493
72,2.653,0.9939,16190,257,257,65.186035799
73,2.675,0.0790,16307,351,351,64.656064499
74,2.774,0.0766,16264,323,323,62.346575406
75,2.984,0.1023,16829,706,706,58.014883589
76,3.237,0.0796,16627,575,575,53.525826892
77,3.270,0.9276,16407,463,461,52.89678732
78,3.311,0.0776,16725,612,610,52.278090509
79,3.354,0.0891,15802,35,33,51.516155956
80,3.420,0.0849,15874,52,52,50.533492596
81,3.448,0.0916,16050,148,148,50.14128931
82,3.557,0.0917,16131,190,190,48.611594531
83,3.627,0.0817,16609,583,583,47.711177821
84,3.674,0.0890,15911,84,84,47.042053306
85,3.787,0.0832,16218,286,286,45.664431529
86,3.814,0.0782,15931,107,105,45.316526745
87,3.893,0.4302,16418,367,365,44.444818519
88,4.114,0.0782,16658,667,667,42.060626812
89,4.376,0.0845,16152,228,228,39.516138838
90,4.456,0.0748,16552,565,565,38.829610747
91,4.498,0.0913,16189,250,250,38.447534103
92,4.545,0.0835,16354,442,442,38.054106342
93,4.675,0.4817,16530,577,575,37.005026074
94,4.744,0.0732,16231,302,300,36.465241299
95,4.793,0.0829,16475,473,473,36.121461207
96,4.817,0.0952,16614,531,531,35.931065735
97,4.822,0.0801,16111,180,180,35.860191143
98,4.828,0.0687,16893,777,774,35.949564525
99,4.874,0.0807,15879,59,59,35.457359389
100,4.961,0.0931,16624,673,673,34.875942528
101,0.465,0.0851,17526,529,528,373.444758183
102,0.578,0.0830,17315,487,485,300.217858585
103,0.773,0.0878,16788,160,160,225.109249466
104,0.879,0.0889,17115,521,519,197.237237764
105,0.961,0.1018,17380,695,695,180.464798459
106,0.990,0.0794,17146,437,437,175.406838783
107,1.154,0.0918,17179,428,426,150.28719351
108,1.160,0.0844,17158,437,435,149.496857755
109,1.229,0.0882,17054,476,473,141.544268066
110,1.619,0.0819,16863,516,516,106.984510882
111,1.677,0.0863,21016,4806,4806,103.371820882
112,1.697,0.0905,16452,135,135,102.093201104
113,1.721,0.7828,16466,191,189,100.585672191
114,1.922,0.0846,16989,732,732,90.11114597
115,2.088,0.0770,16976,589,589,82.978530342
116,2.243,0.0832,16665,620,618,77.321505645
117,2.272,0.0897,16260,224,222,76.131794393
118,2.274,0.5063,16501,493,491,76.589590278
119,2.480,0.0929,15990,114,114,69.708611379
120,2.584,0.0823,16124,205,202,67.425409685
121,2.598,0.5217,16443,457,457,66.589680772
122,2.653,0.0812,16152,210,208,65.183152233
123,2.675,0.0860,16334,379,377,64.661311116
124,2.774,0.0828,16271,316,314,62.348773997
125,2.984,0.0870,16863,736,736,58.033788465
126,3.237,0.0678,16671,572,569,53.760111129
127,3.270,0.3342,16431,425,425,52.908459351
128,3.311,0.0881,16544,618,618,52.753929685
129,3.354,0.0689,15819,24,24,51.521610199
130,3.420,0.0777,15849,44,44,50.527172213
131,3.448,0.0819,16059,139,137,50.145745725
132,3.557,0.0848,16138,212,210,48.613869539
133,3.627,0.1022,16576,586,586,47.703833867
134,3.674,0.0710,15938,84,84,47.046459359
135,3.787,0.0908,16315,308,306,45.679109851
136,3.814,0.0776,16036,105,105,45.331860602
137,3.893,0.0743,16320,359,357,44.429783803
138,4.114,0.0727,16873,742,742,42.082268768
139,4.376,0.4928,16179,223,223,39.520921579
140,4.456,0.19993,16550,576,576,38.827277296
141,4.498,0.0797,16174,245,245,38.446586723
142,4.545,0.0886,16440,477,476,38.708372312
143,4.675,0.0922,16540,580,578,37.008707635
144,4.744,0.0739,16276,301,301,36.461363335
145,4.793,0.0901,16542,493,491,36.149356811
146,4.817,0.0933,16432,495,495,35.909917312
147,4.822,0.0834,16126,189,187,35.86120816
148,4.828,0.0921,16730,775,771,36.086155902
149,4.874,0.0819,15875,64,62,35.455860039
150,4.961,0.0812,16572,609,606,34.976670299
151,0.465,0.7747,17551,544,544,373.466753336
152,0.578,0.0930,17320,480,480,300.231755161
153,0.773,0.0879,16755,146,146,224.227588196
154,0.879,0.0993,17418,582,580,197.410049591
155,0.961,0.0681,17571,700,700,180.57612005
156,0.990,0.0775,17092,429,427,175.134969993
157,1.154,0.0940,17164,476,476,150.508632463
158,1.160,0.0899,17015,448,446,149.427731456
159,1.229,0.0876,17024,428,426,141.045298419
160,1.619,0.0806,16855,504,502,106.981821068
161,1.677,0.0910,16192,23,23,103.161071292
162,1.697,0.0884,16475,144,144,102.053363318
163,1.721,0.5212,16470,212,212,100.582504212
164,1.922,0.0792,17191,737,737,90.164480226
165,2.088,0.8455,16767,562,562,82.921632456
166,2.243,0.0792,16726,645,645,77.327169347
167,2.272,0.0960,16232,235,235,76.635425657
168,2.274,0.0887,16478,452,452,76.083989927
169,2.480,0.8576,16054,141,141,69.719032267
170,2.584,0.0982,16162,231,229,66.923105907
171,2.598,0.0853,16457,486,484,66.589020052
172,2.653,0.8807,16163,211,211,65.186550027
173,2.675,0.10453,16352,364,364,64.667740701
174,2.774,0.0895,16234,317,315,62.34642513
175,2.984,0.0813,16786,659,659,58.036620093
176,3.237,0.0900,16672,550,550,53.471627066
177,3.270,0.0937,16406,461,459,52.897026322
178,3.311,0.1006,16722,613,613,52.280343856
179,3.354,0.2094,15762,26,26,51.511303345
180,3.420,0.10745,15853,48,48,50.529519035
181,3.448,0.0905,15979,123,123,50.30161068
182,3.557,0.0814,16156,213,213,48.616439612
183,3.627,0.0817,16604,568,567,47.82237574
184,3.674,0.0859,15884,71,69,47.035831819
185,3.787,0.0818,16241,328,328,45.663053391
186,3.814,0.0765,16017,107,105,45.329921096
187,3.893,0.0799,16301,362,362,44.428480415
188,4.114,0.0942,16669,695,691,42.266526037
189,4.376,0.0984,16163,199,199,39.521722781
190,4.456,0.0931,16637,548,548,38.842345504
191,4.498,0.4384,16173,251,251,38.575181512
192,4.545,0.0861,16468,433,433,38.0701344
193,4.675,0.0923,16672,606,606,37.034207465
194,4.744,0.0914,16200,256,256,36.4552203
195,4.793,0.0836,16431,487,485,36.167325932
196,4.817,0.0845,16450,494,494,35.928428422
197,4.822,0.0868,16105,189,187,35.859879632
198,4.828,0.0763,16869,753,753,35.858542678
199,4.874,0.0727,15880,62,60,35.458367724
200,4.961,0.0781,16780,669,666,34.995204851
201,0.465,0.0936,17408,512,512,373.327077221
202,0.578,0.0694,17285,468,468,300.178015297
203,0.773,0.0713,16757,136,136,224.260619466
204,0.879,0.0836,17195,558,558,197.279540646
205,0.961,0.0833,17601,715,714,180.669450918
206,0.990,0.0861,17151,449,449,175.144773569
207,1.154,0.4919,17003,429,429,150.201872974
208,1.160,0.0936,17054,439,438,150.137213212
209,1.229,0.0896,16953,434,434,141.00204839
210,1.619,0.0846,16860,507,507,106.985902972
211,1.677,0.0886,25951,9494,9494,103.521355847
212,1.697,0.0941,16335,133,133,101.974274075
213,1.721,0.0891,16468,192,190,100.593359977
214,1.922,0.0945,17119,670,668,90.183929005
215,2.088,0.0837,16998,603,603,83.146332757
216,2.243,0.0842,16659,627,627,77.175445926
217,2.272,0.0843,16264,241,239,76.133276923
218,2.274,0.1023,16527,479,477,76.091695111
219,2.480,0.8160,15986,106,106,69.70745311
220,2.584,0.8591,,,,
221,2.598,0.0840,16444,501,501,67.103990127
222,2.653,0.8501,16169,237,237,65.185351333
223,2.675,0.0830,16380,379,379,64.672606422
224,2.774,0.0861,16248,313,313,62.345778484
225,2.984,0.0804,16634,657,657,58.095382032
226,3.237,0.4290,16606,601,601,53.456585712
227,3.270,0.9012,16351,412,412,52.907355637
228,3.311,0.0814,16591,624,623,52.358516842
229,3.354,0.0925,15763,30,28,51.510980831
230,3.420,0.3406,15815,45,45,50.521001506
231,3.448,0.0847,16058,135,135,50.144378109
232,3.557,0.0859,16154,209,207,48.615654311
233,3.627,0.0722,16552,580,577,47.906193544
234,3.674,0.0893,15899,76,76,47.040975675
235,3.787,0.0761,16274,330,328,45.670031273
236,3.814,0.0757,15933,94,92,45.317570488
237,3.893,0.0958,16376,367,365,44.437080659
238,4.114,0.0796,16631,674,672,42.057732163
239,4.376,0.0927,16147,223,223,39.515501909
240,4.456,0.9576,16460,529,527,38.81811192
241,4.498,0.0888,16123,245,245,38.437847841
242,4.545,0.0876,16405,464,462,38.058451366
243,4.675,0.0965,16704,614,614,37.070979245
244,4.744,0.4762,16263,302,300,36.457848976
245,4.793,0.0739,16406,455,455,36.092058942
246,4.817,0.0768,16555,479,479,36.047518958
247,4.822,0.0690,16115,187,187,35.861529618
248,4.828,0.0761,16859,738,736,35.858061271
249,4.874,0.0838,15904,63,63,35.462330297
250,4.961,0.0921,16599,613,613,34.879015714
251,0.465,0.0785,17642,516,515,373.619685282
252,0.578,0.0734,17353,455,453,300.256583092
253,0.773,0.0757,16778,155,153,224.24218972
254,0.879,0.0828,17200,554,554,197.369020237
255,0.961,0.0905,17555,697,697,180.591909095
256,0.990,0.0765,17158,450,450,175.289186267
257,1.154,0.0891,16976,418,418,150.184632224
258,1.160,0.0819,16977,430,430,149.414215536
259,1.229,0.0900,17057,410,408,141.062373818
260,1.619,0.0830,17039,470,470,107.062792529
261,1.677,0.0928,20316,3962,3962,103.371974178
262,1.697,0.0826,16370,127,125,101.983085211
263,1.721,0.8473,16460,199,197,100.579679323
264,1.922,0.0834,17153,695,695,90.167683385
265,2.088,0.7242,16998,585,583,82.974730213
266,2.243,0.0910,,,,
267,2.272,0.0846,16248,227,226,76.636224175
268,2.274,0.0940,16470,441,441,76.08643284
269,2.480,0.0819,15956,110,108,69.702564454
270,2.584,0.0756,16154,231,231,66.92146868
271,2.598,0.0796,16426,467,465,66.584108998
272,2.653,0.0896,16194,225,225,65.202036495
273,2.675,0.0835,16312,361,361,64.66180252
274,2.774,0.0703,16263,315,313,62.349311374
275,2.984,0.0933,16832,705,704,58.219662852
276,3.237,0.0898,16528,597,597,53.439638435
277,3.270,0.0825,16553,440,440,52.923950703
278,3.311,0.0855,16749,625,624,52.293322578
279,3.354,0.0993,15814,37,35,51.518275404
280,3.420,0.0953,15843,57,57,50.527649724
281,3.448,0.0891,16041,126,126,50.14359438
282,3.557,0.0923,16111,177,177,48.617090323
283,3.627,0.1073,16525,568,568,47.698204926
284,3.674,0.0897,15950,97,97,47.04836568
285,3.787,0.0823,16190,274,274,45.664866723
286,3.814,0.0816,15914,102,102,45.313325442
287,3.893,0.0816,16352,352,350,44.440030238
288,4.114,0.0707,16789,709,708,42.158751528
289,4.376,0.8458,16165,220,218,39.51732822
290,4.456,0.11438,16448,523,523,38.819812339
291,4.498,0.0722,16193,247,245,38.447864585
292,4.545,0.0861,16400,432,432,38.157969052
293,4.675,0.0827,16551,592,592,37.007774284
294,4.744,0.3122,16237,283,281,36.457646571
295,4.793,0.0909,16430,479,477,36.089179007
296,4.817,0.8617,16438,492,492,35.912165093
297,4.822,0.8811,16117,198,196,35.861047384
298,4.828,0.8414,16824,721,719,36.071506906
299,4.874,0.0904,15890,62,62,35.458148369
300,4.961,0.0789,16587,629,629,35.021823092
301,0.465,0.0793,17506,492,492,373.468405921
302,0.578,0.0870,17305,486,485,300.188056537
303,0.773,0.0734,16735,133,131,224.229767545
304,0.879,0.0704,17155,535,533,197.260079967
305,0.961,0.0692,17574,682,680,180.593236109
306,0.990,0.0817,17088,403,401,175.136876346
307,1.154,0.0821,17049,461,461,150.213970634
308,1.160,0.0820,17072,490,488,149.437005142
309,1.229,0.0818,16969,457,455,141.010515847
310,1.619,0.0843,16825,481,480,107.480928185
311,1.677,0.0798,16216,25,25,103.168263393
312,1.697,0.0805,16468,148,146,102.016410149
313,1.721,0.0961,16424,177,177,100.575574164
314,1.922,0.0948,17256,767,765,90.205685412
315,2.088,0.0887,16872,563,561,82.943843402
316,2.243,0.0813,16759,596,594,78.19305806
317,2.272,0.0777,16249,254,254,76.127848232
318,2.274,0.0719,16581,469,469,76.105625806
319,2.480,0.9116,16066,133,131,69.721388121
320,2.584,0.4799,16154,220,220,66.92396295
321,2.598,0.0709,16422,463,461,66.585134948
322,2.653,0.7188,16125,196,194,65.181320367
323,2.675,0.0934,16320,356,356,64.660215119
324,2.774,0.0784,16239,304,302,62.543820729
325,2.984,0.0791,16797,677,677,58.106611044
326,3.237,0.0735,16725,621,621,53.473958388
327,3.270,0.0872,16518,459,457,52.917777109
328,3.311,0.0866,16651,587,587,52.279697314
329,3.354,0.5581,15756,27,27,51.510312339
330,3.420,0.0963,15841,47,47,50.528483575
331,3.448,0.0961,15979,135,133,50.132197002
332,3.557,0.1056,16136,199,199,48.615408296
333,3.627,0.0760,16496,528,528,47.918624351
334,3.674,0.0883,,,,
335,3.787,0.0916,16204,278,276,45.66453793
336,3.814,0.0797,15935,111,111,45.314474261
337,3.893,0.0815,16305,371,371,44.427653944
338,4.114,0.0799,16755,772,769,42.374844159
339,4.376,0.0850,16149,237,235,39.513178675
340,4.456,0.0885,16643,558,558,38.840681073
341,4.498,0.0866,16198,264,261,38.952744147
342,4.545,0.0820,16569,474,474,38.07867294
343,4.675,0.0859,16553,597,595,37.005115372
344,4.744,0.0908,16211,284,282,36.453694207
345,4.793,0.0865,16377,435,435,36.088938461
346,4.817,0.0805,16618,509,506,36.437812898
347,4.822,0.0709,16076,160,160,35.857788882
348,4.828,0.10391,16840,713,713,35.85885441
349,4.874,0.3361,15932,65,65,35.462780175
350,4.961,0.0767,16575,636,634,34.872486588
351,0.465,0.8998,17574,546,544,373.4646194
352,0.578,0.0925,17386,520,520,300.261840878
353,0.773,0.0907,16706,140,140,224.190468717
354,0.879,0.0806,17135,512,512,197.243870645
355,0.961,0.0895,17369,700,700,180.468577508
356,0.990,0.0774,17104,450,450,175.130008412
357,1.154,0.0742,16995,443,441,150.218344098
358,1.160,0.2572,16969,410,410,149.415467529
359,1.229,0.0881,16949,440,440,141.007947149
360,1.619,0.0759,17109,534,532,107.065423978
361,1.677,0.4614,17667,1515,1515,103.25383116
362,1.697,0.0788,16460,145,145,102.012119247
363,1.721,0.0739,16446,185,183,100.58132824
364,1.922,0.0849,17174,699,697,90.16601287
365,2.088,0.0874,16923,560,560,82.96166769
366,2.243,0.0808,16806,651,649,77.205951268
367,2.272,0.0761,16234,218,218,76.141723016
368,2.274,0.0853,16626,493,493,76.115136659
369,2.480,0.8407,16060,144,142,69.719075244
370,2.584,0.0916,16117,186,186,66.922140358
371,2.598,0.0924,16423,475,475,66.58186862
372,2.653,0.0770,16150,203,203,65.184662541
373,2.675,0.9161,16447,389,389,64.68298546
374,2.774,0.0742,16250,322,322,62.344070137
375,2.984,0.0856,16611,645,644,58.497209267
376,3.237,0.4429,16518,582,582,53.443836364
377,3.270,0.0969,16376,428,428,52.898374046
378,3.311,0.0770,16716,609,609,52.278900468
379,3.354,0.0872,15753,26,26,51.510634541
380,3.420,0.0776,15858,60,60,50.52948497
381,3.448,0.3324,16057,144,144,50.145333868
382,3.557,0.0761,16131,205,205,48.613140181
383,3.627,0.0852,16708,596,596,47.722989964
384,3.674,0.0962,15893,82,82,47.040201428
385,3.787,0.4628,16219,282,281,46.177243199
386,3.814,0.0787,15998,109,107,45.32487201
387,3.893,0.8964,16312,362,360,44.459245271
388,4.114,0.0826,16826,720,718,42.077590877
389,4.376,0.0775,16157,200,198,39.5174983
390,4.456,0.4233,16565,536,536,38.832064068
391,4.498,0.0876,16117,234,234,38.948833992
392,4.545,0.0785,16404,458,458,38.116051893
393,4.675,0.0880,16515,560,560,37.006185938
394,4.744,0.0794,16201,258,258,36.455506593
395,4.793,0.0804,16385,470,470,36.085081158
396,4.817,0.0767,16464,479,477,36.422885861
397,4.822,0.4398,16118,184,182,35.860836597
398,4.828,0.9732,16881,779,778,35.997582647
399,4.874,0.0843,15865,54,54,35.457272793
400,4.961,0.0966,16787,698,698,34.891092038
401,0.465,0.7496,17598,516,516,373.558820399
402,0.578,0.0886,17264,456,454,300.192897233
403,0.773,0.0975,16772,167,167,224.252669855
404,0.879,0.0842,17356,565,563,197.530291817
405,0.961,0.0744,17342,669,669,180.50603313
406,0.990,0.0841,17115,439,436,175.6280312
407,1.154,0.5024,16966,401,401,150.19489404
408,1.160,0.4995,17005,442,442,149.785366759
409,1.229,0.0822,16992,454,453,141.265670715
410,1.619,0.0801,16816,493,493,106.977846633
411,1.677,0.0886,16206,31,31,103.16230096
412,1.697,0.0820,16461,136,136,102.01415213
413,1.721,0.9400,16474,187,187,100.812553614
414,1.922,0.0815,17014,728,726,90.10812042
415,2.088,0.0808,16947,548,548,82.96999945
416,2.243,0.0851,16779,623,623,77.182490321
417,2.272,0.0842,16228,227,227,76.128015607
418,2.274,0.0741,16517,512,512,76.105828542
419,2.480,0.0960,16050,133,133,69.718978216
420,2.584,0.0871,16142,215,213,66.922045619
421,2.598,0.0744,16521,484,482,66.605183374
422,2.653,0.8388,16140,212,210,65.184774967
423,2.675,0.0873,16348,390,390,64.722339484
424,2.774,0.0986,16283,335,335,62.349895433
425,2.984,0.0770,16796,678,677,58.52116001
426,3.237,0.0814,16557,595,595,53.4468707
427,3.270,0.7315,16455,444,442,52.908896159
428,3.311,0.0849,16713,636,634,52.271837146
429,3.354,0.0919,15790,28,26,51.515458606
430,3.420,0.0868,15843,51,51,50.528372882
431,3.448,0.0774,16074,132,132,50.14751756
432,3.557,0.0961,16160,219,217,48.61696379
433,3.627,0.0907,16645,550,550,47.743129478
434,3.674,0.0891,15913,109,109,47.038955534
435,3.787,0.0946,16240,301,301,45.667900881
436,3.814,0.0789,15979,105,105,45.323918845
437,3.893,0.0904,16292,376,376,44.422787192
438,4.114,0.3925,16867,740,738,42.25482938
439,4.376,0.9825,16155,218,216,39.518244051
440,4.456,0.0816,16657,562,560,38.883420849
441,4.498,0.0829,16187,260,260,38.445980092
442,4.545,0.0804,16425,485,483,38.058131332
443,4.675,0.0778,16660,557,555,37.023844573
444,4.744,0.0820,16214,284,284,36.45420292
445,4.793,0.0829,16466,478,478,36.096112497
446,4.817,0.0811,16504,507,505,35.918926347
447,4.822,0.0887,16058,170,170,35.854775339
448,4.828,0.7254,16858,757,757,35.856660683
449,4.874,0.0941,15899,79,77,35.457848288
450,4.961,0.0945,16771,670,668,34.9473483
451,0.465,0.8398,17453,501,499,373.360949968
452,0.578,0.0801,17368,468,468,300.591202767
453,0.773,0.0885,16763,144,142,224.236026827
454,0.879,0.0751,17199,564,562,197.266138604
455,0.961,0.0840,17573,726,724,180.577089341
456,0.990,0.0904,17120,429,429,175.155584227
457,1.154,0.0904,17013,472,472,150.190936693
458,1.160,0.0946,17199,457,457,149.512092006
459,1.229,0.0943,16897,387,387,140.998839324
460,1.619,0.0828,17126,529,528,107.580841139
461,1.677,0.0823,16214,22,22,103.168004176
462,1.697,0.0862,16375,148,146,101.9768787
463,1.721,0.0647,16491,223,221,100.587272114
464,1.922,0.4806,16983,724,722,90.106078586
465,2.088,0.0964,16839,611,609,82.927930798
466,2.243,0.0910,16707,649,647,77.159456593
467,2.272,0.0813,16238,234,234,76.126361141
468,2.274,0.0708,16562,466,466,76.233504279
469,2.480,0.9805,16049,142,140,69.720232535
470,2.584,0.0736,16146,215,215,66.924909159
471,2.598,0.0891,16635,503,501,66.621442884
472,2.653,0.8026,16170,226,224,65.18517596
473,2.675,0.3510,16308,346,346,64.661490933
474,2.774,0.0865,16264,325,325,62.34564969
475,2.984,0.0839,16858,710,708,58.019226289
476,3.237,0.3762,16693,607,607,53.469328525
477,3.270,0.30737,,,,
478,3.311,0.0880,16682,587,585,52.2754181
479,3.354,0.0708,15767,24,24,51.512307934
480,3.420,0.0841,15854,55,53,50.528856113
481,3.448,0.0781,16040,121,119,50.141471699
482,3.557,0.0921,16176,234,232,48.617539216
483,3.627,0.0938,16475,529,529,47.694136286
484,3.674,0.0989,15970,89,89,47.050728381
485,3.787,0.0866,16218,292,290,45.665624661
486,3.814,0.0810,15982,104,104,45.324174392
487,3.893,0.0784,16465,417,417,44.45193277
488,4.114,0.0804,16834,706,703,42.234111528
489,4.376,0.7713,16152,208,208,39.516327515
490,4.456,0.0975,16573,576,576,38.829068262
491,4.498,0.0911,16225,282,280,38.449537563
492,4.545,0.0789,16477,473,473,38.071410863
493,4.675,0.0940,16708,573,572,37.535700818
494,4.744,0.0820,16262,326,326,37.100914733
495,4.793,0.0848,16459,516,514,36.218534575
496,4.817,0.0756,16592,518,516,35.937133173
497,4.822,0.0745,16125,192,192,35.862633961
498,4.828,0.0850,16840,721,719,36.088981337
499,4.874,0.0763,15967,72,70,35.467911425
500,4.961,0.0924,16774,657,656,35.001399394
