Cenario,Band,RTT,Sent,Retrans,Lost,Time
1,0.465,0.0864,33093,15491,15491,377.813508465
2,0.578,0.0928,28200,10984,10984,301.581572222
3,0.773,0.0870,28069,11227,11227,225.09014901
4,0.879,0.0854,23559,6733,6733,197.751916498
5,0.961,0.0825,23326,6629,6629,181.672026916
6,0.990,0.0867,31105,14320,14320,175.770272821
7,1.154,0.0824,27866,11156,11156,150.700733237
8,1.160,0.0849,27832,11146,11146,149.864825405
9,1.229,0.0955,22895,6424,6424,141.229823502
10,1.619,0.0899,19695,3414,3414,107.070590189
11,1.677,0.0756,19493,3238,3238,103.347816204
12,1.697,0.0976,19458,3212,3212,102.121521359
13,1.721,0.0801,19602,3309,3309,100.683348462
14,1.922,0.0884,18380,2181,2181,90.117136674
15,2.088,0.0874,19621,3506,3506,82.954883167
16,2.243,0.0905,19159,3135,3135,77.20257921
17,2.272,0.0760,19202,3154,3154,76.223786168
18,2.274,0.0745,19267,3236,3236,76.145718073
19,2.480,0.17403,17963,2095,2095,69.77472625
20,2.584,0.0977,17746,1898,1898,66.971855092
21,2.598,0.0995,17773,1945,1945,66.582505294
22,2.653,0.5946,17886,2022,2022,65.2250382
23,2.675,0.5915,17834,1986,1986,64.659145787
24,2.774,0.0829,17472,1668,1668,62.345892455
25,2.984,0.1049,17482,1688,1688,57.961931533
26,3.237,0.8930,17287,1487,1487,53.423114571
27,3.270,0.6857,17221,1425,1425,52.880572143
28,3.311,0.1034,17997,2144,2144,52.244150991
29,3.354,0.0836,17915,2093,2093,51.567083697
30,3.420,0.0771,17118,1314,1314,50.573329773
31,3.448,0.0964,17075,1277,1277,50.161185261
32,3.557,0.0888,17652,1819,1819,48.635000968
33,3.627,0.0703,17470,1679,1679,47.693354649
34,3.674,0.0822,17761,1851,1851,47.083961559
35,3.787,0.1041,17602,1781,1781,45.678226434
36,3.814,0.0750,17393,1621,1621,45.328571764
37,3.893,0.0851,17410,1601,1601,44.428877843
38,4.114,0.0982,17302,1481,1481,42.037096869
39,4.376,0.8143,17503,1592,1592,39.533455107
40,4.456,0.0964,17176,1277,1277,38.808255438
41,4.498,0.1003,17447,1563,1563,38.455160395
42,4.545,0.0802,17202,1248,1248,38.056949518
43,4.675,0.1033,17362,1445,1445,36.994941444
44,4.744,0.1040,17141,1272,1272,36.451544756
45,4.793,0.0934,17091,1245,1245,36.074622748
46,4.817,0.0894,17156,1333,1333,35.892985617
47,4.822,0.8596,17177,1347,1347,35.857449205
48,4.828,0.3343,17201,1366,1366,35.81325819
49,4.874,0.0858,17168,1347,1347,35.473439224
50,4.961,0.0840,17163,1330,1330,34.854511602
51,0.465,0.0869,32562,14959,14959,378.022124674
52,0.578,0.0867,28286,11061,11061,301.632185424
53,0.773,0.0826,28032,11201,11201,225.069148931
54,0.879,0.0922,30496,13695,13695,197.996703246
55,0.961,0.0999,31325,14462,14462,181.125523917
56,0.990,0.0882,27190,10430,10430,176.362574021
57,1.154,0.0891,27861,11146,11146,150.687620615
58,1.160,0.0955,20497,4001,4001,149.581745953
59,1.229,0.0835,20424,3990,3990,141.177983292
60,1.619,0.8085,19673,3394,3394,107.066047706
61,1.677,0.0850,19531,3275,3275,103.348774669
62,1.697,0.1019,19470,3233,3233,102.127775781
63,1.721,0.0967,19417,3204,3204,100.670703115
64,1.922,0.0871,18270,2069,2069,90.102731036
65,2.088,0.0897,19569,3445,3445,82.967226396
66,2.243,0.0837,19228,3193,3193,77.206304208
67,2.272,0.0787,19190,3137,3137,76.228729352
68,2.274,0.0943,19423,3276,3276,76.148845578
69,2.480,0.0803,17896,2033,2033,69.782522938
70,2.584,0.0953,17933,2076,2076,66.968816887
71,2.598,0.0550,17875,2047,2047,66.601028311
72,2.653,0.7375,17767,1923,1923,65.207055476
73,2.675,0.0971,17739,1901,1901,64.669273337
74,2.774,0.0741,17606,1797,1797,62.36723639
75,2.984,0.0748,17288,1483,1483,57.963869045
76,3.237,0.0998,17278,1477,1477,53.422624275
77,3.270,0.9013,17074,1280,1280,52.887225485
78,3.311,0.0782,17191,1387,1387,52.230375363
79,3.354,0.0809,18006,2141,2141,51.575215265
80,3.420,0.0893,18104,2298,2298,50.588229198
81,3.448,0.0874,17055,1254,1254,50.160759408
82,3.557,0.0906,17651,1825,1825,48.63291217
83,3.627,0.0951,17462,1669,1669,47.692476791
84,3.674,0.0887,17540,1719,1719,47.087128502
85,3.787,0.0964,17505,1706,1706,45.666324205
86,3.814,0.0967,17445,1666,1666,45.331843105
87,3.893,0.0813,17397,1596,1596,44.426968976
88,4.114,0.0952,17313,1472,1472,42.037935015
89,4.376,0.8762,17526,1602,1602,39.535727317
90,4.456,0.0966,17171,1278,1278,38.809409688
91,4.498,0.0970,17496,1575,1575,38.452184496
92,4.545,0.0870,17194,1247,1247,38.055276816
93,4.675,0.0954,17366,1443,1443,36.995088179
94,4.744,0.0933,17105,1175,1175,36.455854142
95,4.793,0.0749,17270,1393,1393,36.079785683
96,4.817,0.0977,17159,1332,1332,35.89404585
97,4.822,0.0792,17169,1339,1339,35.857196166
98,4.828,0.9435,17234,1400,1400,35.815454807
99,4.874,0.0975,17135,1315,1315,35.474281522
100,4.961,0.0956,17175,1340,1340,34.854379648
101,0.465,0.0930,30181,12565,12565,375.386941577
102,0.578,0.0967,28149,10900,10900,301.632029831
103,0.773,0.0916,28471,11485,11485,225.067271441
104,0.879,0.0859,31909,15080,15080,198.026209983
105,0.961,0.0850,29776,12789,12789,181.116641599
106,0.990,0.0907,31901,15052,15052,175.803037642
107,1.154,0.0924,26463,9802,9802,151.445368462
108,1.160,0.0930,20647,4203,4203,150.49295777
109,1.229,0.0915,20459,4029,4029,141.170604622
110,1.619,0.0884,19664,3407,3407,107.058437037
111,1.677,0.0833,23869,7537,7537,105.156706875
112,1.697,0.0958,19460,3210,3210,102.1287981
113,1.721,0.0917,19368,3161,3161,100.685927178
114,1.922,0.0822,20171,3833,3833,90.175197116
115,2.088,0.0872,19593,3479,3479,82.941730418
116,2.243,0.0875,19216,3188,3188,77.206165124
117,2.272,0.0916,19197,3164,3164,76.204611283
118,2.274,0.0828,19204,3158,3158,76.153075846
119,2.480,0.7752,17818,1963,1963,69.763473304
120,2.584,0.4555,17919,2073,2073,66.965029949
121,2.598,0.1009,17868,2026,2026,66.607694301
122,2.653,0.0878,17873,2020,2020,65.226447554
123,2.675,0.0928,17746,1913,1913,64.666820718
124,2.774,0.0941,17586,1777,1777,62.369610205
125,2.984,0.0938,17486,1691,1691,57.961791942
126,3.237,0.9478,17275,1474,1474,53.422277466
127,3.270,0.7699,17198,1404,1404,52.884485346
128,3.311,0.0930,17980,2147,2147,52.246270198
129,3.354,0.0818,17091,1303,1303,51.564123769
130,3.420,0.0875,18167,2357,2357,50.589700651
131,3.448,0.0831,17742,1929,1929,50.182779899
132,3.557,0.0958,17628,1800,1800,48.63529701
133,3.627,0.0792,17561,1740,1740,47.696638428
134,3.674,0.0948,17536,1722,1722,47.085427427
135,3.787,0.0880,17955,2110,2110,45.675731451
136,3.814,0.1018,17429,1647,1647,45.332611328
137,3.893,0.0780,17436,1633,1633,44.429956707
138,4.114,0.0845,17631,1783,1783,42.046108216
139,4.376,0.0866,17460,1566,1566,39.531631833
140,4.456,0.0838,17175,1286,1286,38.808792207
141,4.498,0.0902,17487,1584,1584,38.457754829
142,4.545,0.0857,17217,1266,1266,38.053199437
143,4.675,0.0816,17356,1434,1434,36.992921298
144,4.744,0.9245,17154,1271,1271,36.45409179
145,4.793,0.1043,17061,1223,1223,36.073557396
146,4.817,0.1037,17155,1332,1332,35.892741033
147,4.822,0.4164,17218,1394,1394,35.858262943
148,4.828,0.5335,17256,1438,1438,35.813863089
149,4.874,0.0993,17204,1366,1366,35.474969065
150,4.961,0.0942,17125,1284,1284,34.853322341
151,0.465,0.0973,33105,15477,15477,376.739672245
152,0.578,0.0855,31860,14428,14428,301.746324477
153,0.773,0.9067,28139,11319,11319,225.082281814
154,0.879,0.0884,21653,4977,4977,197.518702257
155,0.961,0.0985,27378,10595,10595,181.181464379
156,0.990,0.0966,28345,11457,11457,176.511326154
157,1.154,0.0844,27681,11049,11049,150.685326653
158,1.160,0.0864,27255,10648,10648,149.903212918
159,1.229,0.0803,20634,4194,4194,141.113080147
160,1.619,0.6359,19981,3598,3598,107.070929556
161,1.677,0.0997,19745,3384,3383,103.349302668
162,1.697,0.0859,19707,3371,3370,102.122005266
163,1.721,0.8476,19324,3103,3103,100.688631779
164,1.922,0.1038,18492,2338,2338,90.116812744
165,2.088,0.0861,19633,3516,3516,82.949192116
166,2.243,0.0905,19504,3344,3343,77.207241051
167,2.272,0.0758,19173,3134,3134,76.218987502
168,2.274,0.0742,19254,3219,3219,76.147774234
169,2.480,0.1007,17752,1896,1896,69.78270365
170,2.584,0.1038,17854,2008,2008,66.943127237
171,2.598,0.0866,17761,1902,1902,66.612010491
172,2.653,0.0813,17887,2047,2047,65.224119681
173,2.675,0.9819,17754,1914,1914,64.690991037
174,2.774,0.0796,17586,1772,1772,62.36857533
175,2.984,0.0810,17495,1690,1690,57.962603104
176,3.237,0.0877,17286,1488,1488,53.422645749
177,3.270,0.7304,17078,1283,1283,52.886015314
178,3.311,0.0804,17938,2118,2118,52.24261396
179,3.354,0.0863,17968,2107,2107,51.746943492
180,3.420,0.1010,18156,2272,2272,50.595888785
181,3.448,0.0934,18133,2321,2321,50.180432154
182,3.557,0.0845,17677,1843,1843,48.635102243
183,3.627,0.0922,17506,1711,1711,47.693009911
184,3.674,0.0786,17554,1741,1741,47.08503288
185,3.787,0.0856,17584,1781,1781,45.672607262
186,3.814,0.0848,17419,1632,1632,45.333790108
187,3.893,0.0872,17435,1631,1631,44.430813375
188,4.114,0.0869,17606,1758,1758,42.042189933
189,4.376,0.0906,17626,1647,1645,39.530890708
190,4.456,0.0833,17460,1558,1558,38.814812675
191,4.498,0.0972,17210,1338,1338,38.445728694
192,4.545,0.0911,17223,1263,1263,38.056250852
193,4.675,0.1010,17387,1477,1477,36.996144347
194,4.744,0.1778,17158,1276,1276,36.45528957
195,4.793,0.0822,17230,1355,1355,36.078086729
196,4.817,0.0853,17169,1334,1334,35.894059636
197,4.822,0.8510,17195,1368,1368,35.856225095
198,4.828,0.7507,17190,1367,1367,35.81089458
199,4.874,0.1017,17145,1319,1319,35.474465602
200,4.961,0.0839,17128,1299,1299,34.852796313
201,0.465,0.1018,33268,15672,15672,375.853459881
202,0.578,0.1011,29894,12416,12416,301.598514194
203,0.773,0.0857,28606,11599,11599,225.104934141
204,0.879,0.0877,26176,9529,9529,198.618884006
205,0.961,0.0936,31222,14379,14379,181.108533656
206,0.990,0.0877,23482,6770,6770,176.244552109
207,1.154,0.0739,27860,11167,11167,150.665489046
208,1.160,0.0936,27787,11110,11110,149.874651808
209,1.229,0.0788,20676,4236,4236,141.126327754
210,1.619,0.0826,19765,3480,3480,107.077236714
211,1.677,0.0993,19763,3401,3400,103.354436759
212,1.697,0.0995,19716,3370,3369,102.123185575
213,1.721,0.0808,17106,904,904,100.583796658
214,1.922,0.0879,18258,2045,2045,90.105170166
215,2.088,0.1054,19578,3449,3449,82.951243848
216,2.243,0.0997,19178,3089,3089,77.199776931
217,2.272,0.0893,19188,3152,3152,76.21089719
218,2.274,0.0805,19347,3248,3248,76.139492158
219,2.480,0.0662,17742,1894,1894,69.779061159
220,2.584,0.4258,17900,2062,2062,66.96486197
221,2.598,0.0837,17726,1889,1889,66.605304867
222,2.653,0.0986,18144,2172,2172,65.22657056
223,2.675,0.0896,17719,1871,1871,64.664208779
224,2.774,0.0814,17585,1781,1781,62.365873918
225,2.984,0.0803,17508,1701,1701,57.968189111
226,3.237,0.0820,17279,1481,1481,53.423206772
227,3.270,0.0962,17224,1426,1426,52.883724783
228,3.311,0.0832,17945,2113,2113,52.245568372
229,3.354,0.0823,17999,2129,2129,51.651495838
230,3.420,0.0846,18172,2359,2359,50.590814353
231,3.448,0.0958,17826,2024,2024,50.160996968
232,3.557,0.0928,17611,1788,1788,48.62753356
233,3.627,0.0871,17552,1745,1745,47.694766929
234,3.674,0.0741,17520,1712,1712,47.08230642
235,3.787,0.0765,17644,1826,1826,45.679483947
236,3.814,0.0832,17430,1633,1633,45.349682924
237,3.893,0.0869,17443,1633,1633,44.4308663
238,4.114,0.0862,17640,1801,1801,42.047133784
239,4.376,0.9472,17531,1620,1620,39.532054181
240,4.456,0.0889,17215,1296,1296,38.812635805
241,4.498,0.0863,17433,1559,1559,38.452946571
242,4.545,0.0942,17174,1265,1265,38.051578567
243,4.675,0.0884,17136,1260,1260,36.987310681
244,4.744,0.0909,17144,1266,1266,36.453218051
245,4.793,0.0861,17029,1151,1151,36.079047834
246,4.817,0.1045,17174,1340,1340,35.894886366
247,4.822,0.6988,17152,1323,1323,35.856747584
248,4.828,0.8636,17233,1395,1395,35.814836894
249,4.874,0.0898,17191,1345,1345,35.477604216
250,4.961,0.0856,17092,1262,1262,34.852257981
251,0.465,0.0865,29970,12466,12466,377.682168331
252,0.578,0.0868,27732,10515,10515,301.552795532
253,0.773,0.0874,28625,11653,11653,225.086574618
254,0.879,0.0840,30545,13747,13747,198.76043378
255,0.961,0.0958,31304,14436,14436,181.088449214
256,0.990,0.0978,27174,10426,10426,175.678660604
257,1.154,0.0942,24886,8215,8215,150.517789886
258,1.160,0.0870,20592,4137,4137,150.450651612
259,1.229,0.0891,23074,6601,6601,141.246252265
260,1.619,0.0806,19945,3574,3574,107.064991538
261,1.677,0.0972,19757,3392,3391,103.351123055
262,1.697,0.1126,19676,3334,3333,102.12140458
263,1.721,0.9072,19370,3147,3147,100.689267744
264,1.922,0.0875,18661,2499,2499,90.088147306
265,2.088,0.0825,19568,3454,3454,82.96647777
266,2.243,0.0965,19203,3171,3171,77.205443178
267,2.272,0.1044,18195,2152,2152,76.166275397
268,2.274,0.0768,19246,3222,3222,76.141109766
269,2.480,0.8285,17997,2119,2119,69.779488794
270,2.584,0.8766,17835,1995,1995,66.934549926
271,2.598,0.0900,17768,1930,1930,66.588568305
272,2.653,0.7492,17873,2023,2023,65.227372478
273,2.675,0.9180,17772,1923,1923,64.689971791
274,2.774,0.0883,17988,2033,2032,62.372675851
275,2.984,0.0861,17493,1696,1696,57.965907879
276,3.237,0.7651,17253,1453,1453,53.422423987
277,3.270,0.8290,17224,1420,1420,52.884781011
278,3.311,0.0973,17187,1385,1385,52.227921487
279,3.354,0.0836,17924,2100,2100,51.788757053
280,3.420,0.0880,18143,2336,2336,50.589899758
281,3.448,0.0948,17847,2030,2030,50.163360216
282,3.557,0.0881,17633,1804,1804,48.635076326
283,3.627,0.0962,17556,1750,1750,47.696901577
284,3.674,0.0849,17561,1753,1753,47.087267472
285,3.787,0.0853,17961,2121,2121,45.680187708
286,3.814,0.0947,17438,1648,1648,45.335042245
287,3.893,0.0929,17619,1733,1731,44.428639239
288,4.114,0.0825,17637,1792,1792,42.044742057
289,4.376,0.8539,17197,1287,1287,39.52015308
290,4.456,0.0874,17212,1302,1302,38.809439917
291,4.498,0.1027,17441,1562,1562,38.453135178
292,4.545,0.0877,17212,1252,1252,38.05485196
293,4.675,0.9011,17368,1453,1453,36.995299233
294,4.744,0.7626,17138,1261,1261,36.452638675
295,4.793,0.0726,17099,1249,1249,36.075844544
296,4.817,0.0981,17153,1320,1320,35.892618568
297,4.822,0.0885,17156,1334,1334,35.856896331
298,4.828,0.9348,17192,1354,1354,35.814413026
299,4.874,0.1017,17133,1309,1309,35.474166286
300,4.961,0.0751,17177,1338,1338,34.852539376
301,0.465,0.0857,30716,13050,13050,376.413732862
302,0.578,0.0850,29923,12433,12433,301.66124218
303,0.773,0.0960,28286,11447,11447,225.116080605
304,0.879,0.0844,30545,13727,13727,198.052675891
305,0.961,0.0848,31819,15006,15006,181.090923205
306,0.990,0.0875,31148,14237,14237,175.844374869
307,1.154,0.0764,27747,11101,11101,150.656194188
308,1.160,0.0838,28213,11598,11598,149.913014727
309,1.229,0.0977,20716,4261,4261,141.116779648
310,1.619,0.0852,19737,3465,3465,107.069233969
311,1.677,0.0983,19530,3281,3281,103.34875319
312,1.697,0.0792,19439,3181,3181,102.123676929
313,1.721,0.8772,19375,3150,3150,100.688313618
314,1.922,0.0884,18191,1999,1999,90.075166774
315,2.088,0.0773,19638,3522,3522,82.953862223
316,2.243,0.0788,19184,3168,3168,77.188004939
317,2.272,0.0825,19223,3194,3194,76.202174918
318,2.274,0.0859,19156,3116,3116,76.148263274
319,2.480,0.0874,17996,2133,2133,69.774187262
320,2.584,0.0817,17853,2015,2015,66.943321501
321,2.598,0.0828,17866,2022,2022,66.605156345
322,2.653,0.9714,17836,1985,1985,65.204051534
323,2.675,0.0901,,,,
324,2.774,0.0824,17595,1788,1788,62.351663356
325,2.984,0.0750,17261,1464,1464,57.965932415
326,3.237,0.8847,17976,2149,2149,53.441089639
327,3.270,0.9038,17198,1402,1402,52.881007023
328,3.311,0.0973,17954,2121,2121,52.244442512
329,3.354,0.0927,17912,2091,2091,51.80143338
330,3.420,0.0737,18292,2334,2334,50.596853367
331,3.448,0.0931,18129,2316,2316,50.176311059
332,3.557,0.0878,17659,1835,1835,48.633594068
333,3.627,0.0932,17543,1738,1738,47.694001578
334,3.674,0.0804,17565,1748,1748,47.085661682
335,3.787,0.1093,17971,2140,2140,45.67782126
336,3.814,0.0895,17387,1608,1608,45.333219336
337,3.893,0.0843,17453,1644,1644,44.43115132
338,4.114,0.8379,17637,1785,1785,42.046115761
339,4.376,0.1052,17198,1293,1293,39.52049851
340,4.456,0.8229,17561,1628,1626,38.818705548
341,4.498,0.0838,17442,1567,1567,38.45371993
342,4.545,0.0881,17175,1244,1244,38.051127456
343,4.675,0.0895,17352,1492,1492,36.991417071
344,4.744,0.0794,17127,1233,1233,36.45379696
345,4.793,0.0988,17228,1351,1351,36.079217241
346,4.817,0.0818,17158,1332,1332,35.893798565
347,4.822,0.0868,17180,1350,1350,35.85809911
348,4.828,0.0984,17225,1389,1389,35.814932874
349,4.874,0.0825,17152,1325,1325,35.476846645
350,4.961,0.0959,17121,1283,1283,34.853376702
351,0.465,0.0971,33102,15461,15461,376.935108892
352,0.578,0.0900,29375,11864,11864,301.592010039
353,0.773,0.0816,29169,12053,12053,226.294804581
354,0.879,0.0971,31396,14485,14485,198.050855311
355,0.961,0.0769,23269,6547,6547,181.607057341
356,0.990,0.0945,31165,14344,14344,175.810149351
357,1.154,0.0944,20996,4501,4501,150.391878059
358,1.160,0.0997,20693,4179,4179,150.4970091
359,1.229,0.0884,20617,4191,4191,141.111930551
360,1.619,0.0796,19679,3402,3402,107.065925597
361,1.677,0.0999,19452,3216,3216,103.3342811
362,1.697,0.0803,19691,3337,3336,102.127605132
363,1.721,0.4707,19404,3177,3177,100.689836145
364,1.922,0.0931,18256,2055,2055,90.102917497
365,2.088,0.0984,19565,3453,3453,82.97155893
366,2.243,0.0826,17981,1953,1953,77.170636341
367,2.272,0.0923,19216,3163,3163,76.219548999
368,2.274,0.0838,19147,3117,3117,76.144736511
369,2.480,0.0869,17900,2038,2038,69.751506084
370,2.584,0.8341,17792,1956,1956,66.948824052
371,2.598,0.0911,17763,1902,1902,66.613977854
372,2.653,0.9619,17843,1996,1996,65.202147231
373,2.675,0.9307,17748,1906,1906,64.690594369
374,2.774,0.0959,17594,1790,1790,62.369191814
375,2.984,0.0931,17460,1675,1675,57.956502031
376,3.237,0.1135,17277,1481,1481,53.421487914
377,3.270,0.7842,17223,1423,1423,52.885145176
378,3.311,0.1048,18024,2151,2150,52.245715084
379,3.354,0.0951,17927,2102,2102,51.573634892
380,3.420,0.0869,18084,2216,2216,50.595284544
381,3.448,0.0903,18140,2317,2317,50.17887243
382,3.557,0.0776,17666,1826,1826,48.634911147
383,3.627,0.0876,17475,1687,1687,47.682474408
384,3.674,0.0867,17492,1687,1687,47.081671012
385,3.787,0.0928,17590,1795,1795,45.67333017
386,3.814,0.0929,17453,1644,1644,45.351634858
387,3.893,0.0904,17436,1631,1631,44.431432903
388,4.114,0.0958,17615,1767,1767,42.04457499
389,4.376,0.9676,17639,1661,1659,39.535182501
390,4.456,0.0804,17261,1372,1372,38.811989068
391,4.498,0.0835,17453,1544,1544,38.452594299
392,4.545,0.0969,17178,1270,1270,38.051945499
393,4.675,0.0785,17371,1449,1449,36.994925843
394,4.744,0.0903,17179,1283,1283,36.456481396
395,4.793,0.0928,17254,1384,1384,36.078459963
396,4.817,0.0965,17165,1336,1336,35.894281735
397,4.822,0.8543,17245,1410,1410,35.860500375
398,4.828,0.8751,17224,1389,1389,35.816015501
399,4.874,0.0877,17191,1360,1360,35.476053576
400,4.961,0.0993,17121,1285,1285,34.852932336
401,0.465,0.0836,32676,15026,15026,377.917141675
402,0.578,0.0809,30472,12916,12916,301.724640417
403,0.773,0.0763,28534,11536,11536,225.881521472
404,0.879,0.1021,31967,15054,15054,198.072785824
405,0.961,0.1021,21311,4718,4718,181.53270982
406,0.990,0.0587,29990,13028,13028,175.819800121
407,1.154,0.0745,24857,8198,8198,150.536357594
408,1.160,0.0946,26518,9923,9923,149.786964197
409,1.229,0.0696,26398,9877,9877,141.337283998
410,1.619,0.0885,19696,3430,3430,107.067283878
411,1.677,0.1005,19507,3285,3285,103.334932862
412,1.697,0.0961,19476,3221,3221,102.126664239
413,1.721,0.7719,19341,3124,3124,100.686732496
414,1.922,0.0982,18254,2061,2061,90.099170265
415,2.088,0.0846,19605,3479,3479,82.966366112
416,2.243,0.0813,19218,3198,3198,77.189127362
417,2.272,0.0724,19210,3166,3166,76.220208436
418,2.274,0.0887,19391,3266,3264,76.143688799
419,2.480,0.0820,17969,2096,2096,69.78002431
420,2.584,0.11439,17777,1942,1942,66.946957116
421,2.598,0.0951,17835,1987,1987,66.582362607
422,2.653,0.8215,18152,2173,2172,65.226838618
423,2.675,0.9505,17749,1911,1911,64.688611381
424,2.774,0.0857,17592,1790,1790,62.370181733
425,2.984,0.0955,17497,1699,1699,57.966960611
426,3.237,0.0987,17249,1460,1460,53.418707885
427,3.270,0.8111,17221,1428,1428,52.88321667
428,3.311,0.0774,17957,2124,2124,52.246350583
429,3.354,0.0818,17945,2116,2116,51.57491208
430,3.420,0.0929,17935,2092,2092,51.486536178
431,3.448,0.0791,18133,2332,2332,50.178179177
432,3.557,0.0919,17681,1846,1846,48.634395125
433,3.627,0.0828,17566,1752,1752,47.695194118
434,3.674,0.0865,17551,1741,1741,47.083308322
435,3.787,0.0752,17643,1825,1825,45.678045361
436,3.814,0.0897,17415,1631,1631,45.345983408
437,3.893,0.0799,17628,1749,1747,44.430065629
438,4.114,0.0787,17638,1789,1789,42.046194126
439,4.376,0.0727,17483,1577,1577,39.531171906
440,4.456,0.0843,17241,1325,1325,38.812374869
441,4.498,0.0968,17447,1556,1556,38.453992938
442,4.545,0.0954,17511,1573,1573,38.058005465
443,4.675,0.0844,17365,1456,1456,37.945353151
444,4.744,0.0880,17290,1395,1395,36.454557265
445,4.793,0.0792,17096,1191,1191,36.081651576
446,4.817,0.0885,17231,1392,1392,35.896415115
447,4.822,0.0869,17183,1349,1349,35.858585974
448,4.828,0.7954,17218,1389,1389,35.814631442
449,4.874,0.0934,17159,1336,1336,35.474850013
450,4.961,0.0986,17104,1274,1274,34.852132357
451,0.465,0.0899,33182,15546,15546,376.265974673
452,0.578,0.0921,30028,12534,12534,301.634989459
453,0.773,0.0797,28201,11266,11266,225.073335552
454,0.879,0.0905,31284,14366,14366,198.025990921
455,0.961,0.1032,31454,14599,14599,181.119784935
456,0.990,0.0957,27146,10415,10415,176.443636426
457,1.154,0.0876,20697,4155,4155,150.513910213
458,1.160,0.0960,20759,4233,4233,149.726625742
459,1.229,0.0871,21801,5323,5323,141.207702416
460,1.619,0.0826,19711,3428,3428,107.078283497
461,1.677,0.9150,19748,3388,3387,103.346822267
462,1.697,0.1035,19426,3195,3195,102.119247119
463,1.721,0.9352,19435,3211,3211,100.659453015
464,1.922,0.0996,,,,
465,2.088,0.0837,19582,3463,3463,82.970791075
466,2.243,0.0819,19487,3343,3342,77.204239616
467,2.272,0.1014,19228,3172,3172,76.223851805
468,2.274,0.0847,19230,3199,3199,76.139056437
469,2.480,0.0759,18009,2146,2146,69.773565014
470,2.584,0.1040,17897,2051,2051,66.967180037
471,2.598,0.0839,17886,2057,2057,66.602635782
472,2.653,0.7439,17871,2029,2029,65.224606587
473,2.675,0.0911,17755,1916,1916,64.666514442
474,2.774,0.0921,17620,1806,1806,62.372239846
475,2.984,0.1001,17477,1680,1680,57.961573642
476,3.237,0.0903,17276,1481,1481,53.421891752
477,3.270,0.0788,17226,1429,1429,52.880903354
478,3.311,0.0966,17949,2123,2123,52.236717766
479,3.354,0.1033,17928,2097,2097,51.568468492
480,3.420,0.0923,18150,2341,2341,50.588479442
481,3.448,0.0865,17049,1249,1249,50.160857474
482,3.557,0.0779,17648,1820,1820,48.636735413
483,3.627,0.0947,17512,1707,1707,47.692551141
484,3.674,0.0961,17501,1699,1699,47.083378704
485,3.787,0.0931,17945,2112,2112,45.67978215
486,3.814,0.0756,17411,1635,1635,45.330216898
487,3.893,0.0903,17424,1624,1624,44.429758002
488,4.114,0.0710,17640,1803,1803,42.045143894
489,4.376,0.8354,17218,1315,1315,39.520307474
490,4.456,0.0858,17484,1583,1583,38.820828356
491,4.498,0.0863,17423,1553,1553,38.454038586
492,4.545,0.0857,17403,1513,1513,38.060031506
493,4.675,0.0889,17331,1447,1447,36.992165907
494,4.744,0.0984,17305,1392,1392,36.455248741
495,4.793,0.0742,17000,1127,1127,36.077065909
496,4.817,0.0876,17188,1365,1365,35.894151378
497,4.822,0.8955,17172,1336,1336,35.858364568
498,4.828,0.7542,17231,1412,1412,35.814902488
499,4.874,0.0876,17184,1351,1351,35.476045209
500,4.961,0.0850,17107,1282,1282,34.852396781
