Cenario,BandA,BandB,RTTA,RTTB,Sent,Retrans,Lost,Time
1,0.465,3.674,0.0991,0.0991,15829,45,17,44.576652735
2,0.578,3.237,0.0996,0.0996,15810,3,0,47.104485958
3,0.773,3.627,0.0901,0.0901,15841,45,20,40.101995113
4,0.879,4.817,0.8239,0.8239,15770,3,0,31.405303135
5,0.961,4.874,0.0895,0.0895,15788,27,0,30.078376219
6,0.990,3.787,0.0877,0.0877,15778,28,1,36.585820413
7,1.154,4.793,0.0942,0.0942,15801,26,0,29.822006779
8,1.160,3.270,0.0824,0.0824,15801,44,18,39.562213513
9,1.229,4.456,0.0830,0.0830,15848,1,0,31.047502346
10,1.619,4.822,0.0888,0.0888,15829,30,0,27.203909479
11,1.677,3.420,0.0802,0.0802,15850,29,0,34.184052547
12,1.697,4.961,0.0868,0.0868,15784,30,1,26.291567204
13,1.721,4.545,0.0886,0.0886,15856,26,0,27.839626159
14,1.922,4.498,0.0986,0.0986,15865,27,0,27.169975647
15,2.088,3.354,0.0918,0.0918,15852,50,22,32.038880999
16,2.243,4.675,0.1115,0.1115,15848,2,0,25.160091338
17,2.272,3.311,0.0886,0.0886,15809,2,0,31.198402928
18,2.274,4.828,0.0884,0.0884,15814,26,0,24.567956384
19,2.480,3.814,0.0940,0.0940,15855,31,1,27.61743919
20,2.584,3.557,0.9793,0.9793,15914,31,1,28.277309436
21,2.598,4.376,0.0884,0.0884,15852,1,0,25.029290327
22,2.653,3.448,0.0989,0.0989,15848,1,0,28.508519197
23,2.675,4.744,0.0870,0.0870,15855,26,0,23.468679736
24,2.774,4.114,0.9597,0.9597,15825,2,0,25.294459183
25,2.984,3.893,0.0815,0.0815,15882,44,17,25.319967021
26,3.237,0.578,0.0956,0.0956,15815,26,0,47.011927113
27,3.270,1.160,0.8753,0.8753,15845,26,0,39.302202709
28,3.311,2.272,0.0961,0.0961,15846,29,2,31.103589277
29,3.354,2.088,0.0922,0.0922,15870,51,24,31.901742963
30,3.420,1.677,0.0863,0.0863,15850,27,0,34.074582035
31,3.448,2.653,0.0920,0.0920,15901,39,12,28.405966203
32,3.557,2.584,0.0898,0.0898,15841,1,0,28.267762643
33,3.627,0.773,0.7843,0.7843,15838,40,13,39.962595194
34,3.674,0.465,0.4658,0.4658,15787,27,1,43.025092805
35,3.787,0.990,0.0766,0.0766,15774,2,0,36.783696928
36,3.814,2.480,0.0901,0.0901,15828,1,0,27.535499662
37,3.893,2.984,0.0917,0.0917,15840,0,0,25.176822486
38,4.114,2.774,0.0847,0.0847,15852,27,0,25.217569322
39,4.376,2.598,0.0781,0.0781,15864,30,1,24.898409824
40,4.456,1.229,0.0993,0.0993,15852,1,0,31.010797398
41,4.498,1.922,0.0782,0.0782,15878,32,5,27.130681941
42,4.545,1.721,0.7362,0.7362,15862,30,0,28.040257912
43,4.675,2.243,0.1025,0.1025,15886,32,2,25.115226219
44,4.744,2.675,0.0972,0.0972,15865,27,0,23.442920389
45,4.793,1.154,0.0988,0.0988,15796,1,0,29.61314234
46,4.817,0.879,0.0798,0.0798,15782,26,0,31.504673466
47,4.822,1.619,0.1011,0.1011,15805,27,0,27.151314321
48,4.828,2.274,0.0773,0.0773,15816,2,1,24.403552349
49,4.874,0.961,0.0985,0.0985,15789,26,0,30.327676839
50,4.961,1.697,0.0955,0.0955,15812,36,9,26.317727529
51,0.465,3.674,0.9470,0.9470,15802,1,0,44.844017213
52,0.578,3.237,0.1009,0.1009,15826,44,17,46.574142497
53,0.773,3.627,0.0862,0.0862,15835,4,2,39.834697833
54,0.879,4.817,0.7734,0.7734,15790,27,0,31.57650661
55,0.961,4.874,0.0981,0.0981,15757,27,0,30.436267074
56,0.990,3.787,0.0831,0.0831,15825,50,23,36.96627474
57,1.154,4.793,0.0980,0.0980,15808,27,0,29.43846067
58,1.160,3.270,0.0965,0.0965,15812,27,0,39.351891081
59,1.229,4.456,0.0848,0.0848,15884,55,28,31.008761311
60,1.619,4.822,0.1028,0.1028,15845,37,11,27.041828835
61,1.677,3.420,0.6438,0.6438,15844,22,20,34.449589575
62,1.697,4.961,0.10158,0.10158,15789,27,0,26.286442569
63,1.721,4.545,0.1058,0.1058,15863,27,0,27.897851911
64,1.922,4.498,0.0866,0.0866,15871,27,0,27.229821594
65,2.088,3.354,0.1107,0.1107,15803,26,0,31.975993781
66,2.243,4.675,0.0895,0.0895,15875,51,21,25.158852057
67,2.272,3.311,0.0855,0.0855,15868,30,0,31.079315685
68,2.274,4.828,0.0961,0.0961,15818,0,0,24.540873501
69,2.480,3.814,0.0918,0.0918,15833,26,0,27.609243188
70,2.584,3.557,0.8241,0.8241,15897,47,20,28.242040769
71,2.598,4.376,0.0894,0.0894,15860,44,14,24.994731136
72,2.653,3.448,0.1007,0.1007,15857,27,0,28.465177707
73,2.675,4.744,0.0743,0.0743,15869,2,0,23.542254411
74,2.774,4.114,0.0922,0.0922,15827,29,2,25.213454909
75,2.984,3.893,0.0849,0.0849,15882,5,1,25.350965574
76,3.237,0.578,0.0986,0.0986,15822,28,0,46.318253888
77,3.270,1.160,0.10621,0.10621,15838,26,0,39.258856844
78,3.311,2.272,0.8480,0.8480,15824,27,0,31.10954075
79,3.354,2.088,0.0906,0.0906,15865,26,0,31.907794319
80,3.420,1.677,0.0892,0.0892,15831,27,0,34.129322448
81,3.448,2.653,0.0984,0.0984,15878,50,23,28.505379909
82,3.557,2.584,0.1128,0.1128,15866,27,0,28.247644709
83,3.627,0.773,0.0939,0.0939,15824,31,5,40.205647088
84,3.674,0.465,0.9061,0.9061,15809,27,0,43.369424626
85,3.787,0.990,0.0811,0.0811,15831,2,0,36.996828668
86,3.814,2.480,0.0740,0.0740,15885,41,11,27.669442956
87,3.893,2.984,0.0990,0.0990,15905,27,0,25.212110493
88,4.114,2.774,0.8516,0.8516,15875,41,14,25.259043746
89,4.376,2.598,0.0803,0.0803,15857,40,13,25.029546009
90,4.456,1.229,0.0867,0.0867,15880,51,24,30.801153413
91,4.498,1.922,0.0858,0.0858,15864,27,0,27.232443682
92,4.545,1.721,0.0885,0.0885,15876,27,0,27.740077723
93,4.675,2.243,0.1003,0.1003,15851,27,0,25.169221522
94,4.744,2.675,0.0854,0.0854,15838,5,1,23.392120136
95,4.793,1.154,0.0901,0.0901,0,0,0,
96,4.817,0.879,0.0883,0.0883,15795,26,0,30.973785169
97,4.822,1.619,0.0978,0.0978,15851,26,0,27.141458881
98,4.828,2.274,0.0808,0.0808,15832,38,12,24.483031455
99,4.874,0.961,0.0938,0.0938,15785,27,0,30.570260653
100,4.961,1.697,0.0893,0.0893,15802,27,0,26.258090984
101,0.465,3.674,0.0900,0.0900,15773,2,0,44.062966869
102,0.578,3.237,0.9234,0.9234,15825,29,2,46.994327322
103,0.773,3.627,0.0820,0.0820,15830,27,0,39.799333621
104,0.879,4.817,0.6328,0.6328,15789,27,0,31.02660511
105,0.961,4.874,0.0753,0.0753,15781,28,0,30.136239396
106,0.990,3.787,0.0858,0.0858,15799,1,0,37.110728566
107,1.154,4.793,0.0940,0.0940,15828,4,0,29.787849285
108,1.160,3.270,0.0898,0.0898,15835,28,0,39.404833512
109,1.229,4.456,0.0986,0.0986,15862,27,0,30.762856819
110,1.619,4.822,0.0977,0.0977,15812,26,0,27.128359101
111,1.677,3.420,0.9789,0.9789,15847,28,1,34.130068754
112,1.697,4.961,0.12174,0.12174,15779,27,1,26.331851733
113,1.721,4.545,0.0930,0.0930,15879,29,0,27.926893737
114,1.922,4.498,0.1005,0.1005,15864,2,0,27.310444869
115,2.088,3.354,0.0829,0.0829,15830,47,20,31.92135121
116,2.243,4.675,0.1039,0.1039,15846,1,0,25.339857355
117,2.272,3.311,0.0712,0.0712,15828,27,0,31.124558611
118,2.274,4.828,0.0775,0.0775,15814,27,0,24.567460678
119,2.480,3.814,0.0974,0.0974,15843,26,0,27.612846919
120,2.584,3.557,0.0802,0.0802,15905,28,1,28.237455664
121,2.598,4.376,0.0911,0.0911,15841,1,0,25.029067948
122,2.653,3.448,0.0823,0.0823,15873,27,0,28.444035113
123,2.675,4.744,0.0914,0.0914,15877,28,1,23.42378022
124,2.774,4.114,0.0951,0.0951,15829,26,0,25.222686657
125,2.984,3.893,0.0755,0.0755,15891,27,0,25.229413615
126,3.237,0.578,0.0979,0.0979,15809,27,0,46.955105782
127,3.270,1.160,0.5113,0.5113,15825,2,0,39.626987069
128,3.311,2.272,0.7187,0.7187,15830,26,0,31.065747776
129,3.354,2.088,0.0833,0.0833,15818,27,0,31.878154943
130,3.420,1.677,0.0812,0.0812,15805,1,0,34.120294507
131,3.448,2.653,0.0865,0.0865,15828,1,0,28.44545354
132,3.557,2.584,0.0920,0.0920,15861,1,0,28.308964494
133,3.627,0.773,0.3194,0.3194,15829,27,0,40.40799971
134,3.674,0.465,0.0986,0.0986,15805,29,2,44.3801675
135,3.787,0.990,0.0981,0.0981,15898,40,13,36.621127451
136,3.814,2.480,0.0951,0.0951,15818,0,0,27.533483861
137,3.893,2.984,0.0950,0.0950,15866,27,0,25.234786187
138,4.114,2.774,0.9572,0.9572,15818,1,0,25.251907061
139,4.376,2.598,0.0925,0.0925,15876,26,0,24.907073222
140,4.456,1.229,0.0932,0.0932,15836,2,0,30.770902461
141,4.498,1.922,0.9780,0.9780,15855,1,0,27.159908356
142,4.545,1.721,0.0793,0.0793,15863,57,30,27.886201697
143,4.675,2.243,0.0897,0.0897,15838,1,0,25.164852414
144,4.744,2.675,0.0778,0.0778,15874,43,16,23.429647364
145,4.793,1.154,0.0883,0.0883,15860,33,7,29.775806052
146,4.817,0.879,0.0858,0.0858,15802,1,0,31.413164188
147,4.822,1.619,0.0784,0.0784,15825,3,1,27.014167569
148,4.828,2.274,0.0642,0.0642,15828,27,0,24.503588425
149,4.874,0.961,0.1116,0.1116,15806,27,0,30.504399062
150,4.961,1.697,0.0871,0.0871,15806,37,10,26.304009611
151,0.465,3.674,0.0836,0.0836,15806,26,0,44.967987478
152,0.578,3.237,0.0817,0.0817,15816,28,0,47.265625204
153,0.773,3.627,0.1057,0.1057,15827,26,0,40.507078669
154,0.879,4.817,0.8800,0.8800,15809,30,0,31.528199211
155,0.961,4.874,0.0921,0.0921,15780,32,5,31.107551264
156,0.990,3.787,0.0887,0.0887,15800,27,0,36.774635534
157,1.154,4.793,0.0903,0.0903,15792,2,0,29.931024775
158,1.160,3.270,0.0896,0.0896,15834,35,8,39.505883263
159,1.229,4.456,0.0837,0.0837,15842,2,0,30.896943015
160,1.619,4.822,0.0932,0.0932,15821,3,0,27.259559541
161,1.677,3.420,0.0808,0.0808,15840,46,19,34.15005757
162,1.697,4.961,0.8863,0.8863,15793,29,0,26.283368888
163,1.721,4.545,0.1077,0.1077,15854,2,0,27.937247686
164,1.922,4.498,0.0944,0.0944,15858,27,0,27.142762
165,2.088,3.354,0.0983,0.0983,15849,27,0,31.895820463
166,2.243,4.675,0.0794,0.0794,15834,1,0,25.1916567
167,2.272,3.311,0.0913,0.0913,15839,50,23,31.171633246
168,2.274,4.828,0.0874,0.0874,15821,27,0,24.50344832
169,2.480,3.814,0.0801,0.0801,15871,27,0,27.57689373
170,2.584,3.557,0.1075,0.1075,15842,3,0,28.205059416
171,2.598,4.376,0.1078,0.1078,15837,1,0,25.022218839
172,2.653,3.448,0.0911,0.0911,15874,27,0,28.456215525
173,2.675,4.744,0.1015,0.1015,15840,26,0,23.424920444
174,2.774,4.114,0.8519,0.8519,15879,48,21,25.189594076
175,2.984,3.893,0.0890,0.0890,15882,27,0,25.225630563
176,3.237,0.578,0.0953,0.0953,15822,28,0,46.580264177
177,3.270,1.160,0.0885,0.0885,15849,31,5,39.396853261
178,3.311,2.272,0.8514,0.8514,15824,27,0,31.063807387
179,3.354,2.088,0.0899,0.0899,15837,27,0,31.91114422
180,3.420,1.677,0.10100,0.10100,15854,46,19,34.147845161
181,3.448,2.653,0.0806,0.0806,15816,1,0,28.403266082
182,3.557,2.584,0.0835,0.0835,15880,27,0,28.227579691
183,3.627,0.773,0.6735,0.6735,15819,5,4,40.412213168
184,3.674,0.465,0.0960,0.0960,15808,27,0,44.089956934
185,3.787,0.990,0.0838,0.0838,15835,27,0,36.565460805
186,3.814,2.480,0.0899,0.0899,15865,28,1,27.597108671
187,3.893,2.984,0.0881,0.0881,15866,17,13,25.324364391
188,4.114,2.774,0.0812,0.0812,15835,5,1,25.189177773
189,4.376,2.598,0.0960,0.0960,15873,27,0,24.946651956
190,4.456,1.229,0.1010,0.1010,15862,26,0,30.82881783
191,4.498,1.922,0.0814,0.0814,15850,27,0,27.16712284
192,4.545,1.721,0.1003,0.1003,15857,27,0,27.855064759
193,4.675,2.243,0.0907,0.0907,15866,29,2,25.132692056
194,4.744,2.675,0.0972,0.0972,15866,26,0,23.407364568
195,4.793,1.154,0.0809,0.0809,15832,32,6,29.528018479
196,4.817,0.879,0.0864,0.0864,15774,0,0,31.192766048
197,4.822,1.619,0.0808,0.0808,15847,31,1,27.225618743
198,4.828,2.274,0.0922,0.0922,15784,1,0,24.527205546
199,4.874,0.961,0.0974,0.0974,15802,0,0,30.655586792
200,4.961,1.697,0.0837,0.0837,15855,26,0,26.238442558
201,0.465,3.674,0.0783,0.0783,15815,27,0,44.80423439
202,0.578,3.237,0.0909,0.0909,15833,32,2,46.06020297
203,0.773,3.627,0.1054,0.1054,15807,31,4,40.016767861
204,0.879,4.817,0.0889,0.0889,15789,5,0,31.521036326
205,0.961,4.874,0.0948,0.0948,15773,27,0,30.424538975
206,0.990,3.787,0.0911,0.0911,15810,28,2,36.614268729
207,1.154,4.793,0.0794,0.0794,15814,37,10,30.358319874
208,1.160,3.270,0.1100,0.1100,15815,2,0,39.720589188
209,1.229,4.456,0.0884,0.0884,15841,1,0,31.144329978
210,1.619,4.822,0.10169,0.10169,0,0,0,
211,1.677,3.420,0.1026,0.1026,15847,41,11,34.164731643
212,1.697,4.961,0.1068,0.1068,15785,2,0,26.433736324
213,1.721,4.545,0.0923,0.0923,15883,44,17,27.850551056
214,1.922,4.498,0.0879,0.0879,15871,26,0,27.089908814
215,2.088,3.354,0.0904,0.0904,15844,27,0,31.879259102
216,2.243,4.675,0.0781,0.0781,15823,2,0,25.188621679
217,2.272,3.311,0.0925,0.0925,15848,30,0,31.062226506
218,2.274,4.828,0.0884,0.0884,15811,2,0,24.646797837
219,2.480,3.814,0.0878,0.0878,15845,1,0,27.692820298
220,2.584,3.557,0.0801,0.0801,15864,2,0,28.344615862
221,2.598,4.376,0.0937,0.0937,15839,5,1,24.913915741
222,2.653,3.448,0.0865,0.0865,15851,1,0,28.50460035
223,2.675,4.744,0.0892,0.0892,15862,39,12,23.495367679
224,2.774,4.114,0.0968,0.0968,15853,27,0,25.225606247
225,2.984,3.893,0.0982,0.0982,15859,3,0,25.174623111
226,3.237,0.578,0.0965,0.0965,15812,30,3,47.060450396
227,3.270,1.160,0.7541,0.7541,15816,1,0,39.575934935
228,3.311,2.272,0.0841,0.0841,15849,51,24,31.077385824
229,3.354,2.088,0.0950,0.0950,15826,27,0,31.972157334
230,3.420,1.677,0.1016,0.1016,15844,28,1,34.086189398
231,3.448,2.653,0.0797,0.0797,15862,26,0,28.443690474
232,3.557,2.584,0.0897,0.0897,15859,2,0,28.268002749
233,3.627,0.773,0.7983,0.7983,15828,2,0,39.833028834
234,3.674,0.465,0.8413,0.8413,15818,27,0,44.69556364
235,3.787,0.990,0.0983,0.0983,15821,39,11,36.726360494
236,3.814,2.480,0.0843,0.0843,15857,27,0,27.583186324
237,3.893,2.984,0.0897,0.0897,15877,27,0,25.198754212
238,4.114,2.774,0.9038,0.9038,15819,1,0,25.192966464
239,4.376,2.598,0.0919,0.0919,15862,31,1,24.906553488
240,4.456,1.229,0.0973,0.0973,15856,7,6,31.200863287
241,4.498,1.922,0.0950,0.0950,15863,27,0,27.214891269
242,4.545,1.721,0.9142,0.9142,15880,47,20,27.777793904
243,4.675,2.243,0.0899,0.0899,15874,49,22,25.16847498
244,4.744,2.675,0.0886,0.0886,15847,13,12,23.512061275
245,4.793,1.154,0.0865,0.0865,15800,26,0,29.648582352
246,4.817,0.879,0.1014,0.1014,15865,58,57,31.716974449
247,4.822,1.619,0.0797,0.0797,15849,29,0,27.16468913
248,4.828,2.274,0.0880,0.0880,15817,3,0,24.581729479
249,4.874,0.961,0.0859,0.0859,15756,0,0,30.483868209
250,4.961,1.697,0.0891,0.0891,15868,44,17,26.192760387
251,0.465,3.674,0.9758,0.9758,15814,27,0,44.821541917
252,0.578,3.237,0.0963,0.0963,15819,1,0,47.084333691
253,0.773,3.627,0.1028,0.1028,15836,25,22,40.617895643
254,0.879,4.817,0.0997,0.0997,15796,27,0,31.570411507
255,0.961,4.874,0.0824,0.0824,15774,27,0,30.377874425
256,0.990,3.787,0.0964,0.0964,15758,26,0,36.763952854
257,1.154,4.793,0.0969,0.0969,15796,3,0,29.929689264
258,1.160,3.270,0.0966,0.0966,15838,23,21,39.501043001
259,1.229,4.456,0.0988,0.0988,15850,26,0,30.949564567
260,1.619,4.822,0.0819,0.0819,15809,27,0,27.182931261
261,1.677,3.420,0.1040,0.1040,15854,29,0,34.149088821
262,1.697,4.961,0.1012,0.1012,15820,50,23,26.21450226
263,1.721,4.545,0.0774,0.0774,15862,27,0,27.885939333
264,1.922,4.498,0.0730,0.0730,15844,0,0,27.356909414
265,2.088,3.354,0.7578,0.7578,15829,62,35,32.003711262
266,2.243,4.675,0.0922,0.0922,15841,7,3,25.192184485
267,2.272,3.311,0.1014,0.1014,15814,1,0,31.154543293
268,2.274,4.828,0.0938,0.0938,15825,49,22,24.653431583
269,2.480,3.814,0.0863,0.0863,15864,29,3,27.556750767
270,2.584,3.557,0.0940,0.0940,15868,26,0,28.265800466
271,2.598,4.376,0.0751,0.0751,15863,32,6,24.930105098
272,2.653,3.448,0.1047,0.1047,15817,1,0,28.50402039
273,2.675,4.744,0.0881,0.0881,15856,1,0,23.59448262
274,2.774,4.114,0.1023,0.1023,15857,49,22,25.20123222
275,2.984,3.893,0.1025,0.1025,15892,47,21,25.29482234
276,3.237,0.578,0.0782,0.0782,15804,4,3,47.228616659
277,3.270,1.160,0.9357,0.9357,15841,42,15,39.355718154
278,3.311,2.272,0.0889,0.0889,15788,17,1,31.038804318
279,3.354,2.088,0.0831,0.0831,15803,2,0,31.932649833
280,3.420,1.677,0.0920,0.0920,15931,49,22,34.136732728
281,3.448,2.653,0.0935,0.0935,15862,30,0,28.416200554
282,3.557,2.584,0.0849,0.0849,15871,27,0,28.270114436
283,3.627,0.773,0.0799,0.0799,15829,27,0,40.325281342
284,3.674,0.465,0.7787,0.7787,15802,26,0,44.00644931
285,3.787,0.990,0.0916,0.0916,15816,1,0,36.97071387
286,3.814,2.480,0.0856,0.0856,15895,41,14,27.619274096
287,3.893,2.984,0.0865,0.0865,15878,28,0,25.212697564
288,4.114,2.774,0.8662,0.8662,15841,1,0,25.215905544
289,4.376,2.598,0.0824,0.0824,15861,27,0,24.927381598
290,4.456,1.229,0.0910,0.0910,15884,47,20,30.85747482
291,4.498,1.922,0.0850,0.0850,15857,31,1,27.152021036
292,4.545,1.721,0.0908,0.0908,15876,19,18,27.933835488
293,4.675,2.243,0.0848,0.0848,15870,53,23,25.1678491
294,4.744,2.675,0.0840,0.0840,15880,38,12,23.475585881
295,4.793,1.154,0.0836,0.0836,15803,29,2,29.389278687
296,4.817,0.879,0.0896,0.0896,15804,27,0,31.024183936
297,4.822,1.619,0.0812,0.0812,15861,27,0,27.181010223
298,4.828,2.274,0.1036,0.1036,15812,27,0,24.574581201
299,4.874,0.961,0.0856,0.0856,15782,34,4,30.33178715
300,4.961,1.697,0.0976,0.0976,15812,25,0,26.210406809
301,0.465,3.674,0.0864,0.0864,15801,26,0,43.505759336
302,0.578,3.237,0.0999,0.0999,15831,32,5,46.75103448
303,0.773,3.627,0.0920,0.0920,15819,26,0,40.404830449
304,0.879,4.817,0.1017,0.1017,15786,3,0,31.518609488
305,0.961,4.874,0.0836,0.0836,15773,4,0,30.661993866
306,0.990,3.787,0.0928,0.0928,15825,26,0,36.595831562
307,1.154,4.793,0.1010,0.1010,15785,2,0,29.876351599
308,1.160,3.270,0.0833,0.0833,15842,1,0,39.594674492
309,1.229,4.456,0.0995,0.0995,15855,27,0,30.967838228
310,1.619,4.822,0.9368,0.9368,15832,34,7,27.088588031
311,1.677,3.420,0.0793,0.0793,15807,27,0,34.126169204
312,1.697,4.961,0.0902,0.0902,15804,2,0,26.360543852
313,1.721,4.545,0.0851,0.0851,15851,2,0,27.938939878
314,1.922,4.498,0.0957,0.0957,15871,27,0,27.170676487
315,2.088,3.354,0.1031,0.1031,15824,1,0,32.043739922
316,2.243,4.675,0.8977,0.8977,15850,1,0,25.275019639
317,2.272,3.311,0.1032,0.1032,15833,30,2,31.121796126
318,2.274,4.828,0.0818,0.0818,15854,49,19,24.512667576
319,2.480,3.814,0.0855,0.0855,15844,27,0,27.613328703
320,2.584,3.557,0.10881,0.10881,15867,25,0,28.268928769
321,2.598,4.376,0.0853,0.0853,15853,27,0,24.944801943
322,2.653,3.448,0.1015,0.1015,15837,27,0,28.437280524
323,2.675,4.744,0.0778,0.0778,15879,50,23,23.444897246
324,2.774,4.114,0.0797,0.0797,15858,49,22,25.206194627
325,2.984,3.893,0.8904,0.8904,15849,27,0,25.205205581
326,3.237,0.578,0.8888,0.8888,15857,41,38,47.495725315
327,3.270,1.160,0.0930,0.0930,15796,1,0,39.566970987
328,3.311,2.272,0.0890,0.0890,15860,28,1,31.098910477
329,3.354,2.088,0.0919,0.0919,15825,12,11,32.028075972
330,3.420,1.677,0.1008,0.1008,15841,38,11,34.099996068
331,3.448,2.653,0.0768,0.0768,15853,41,14,28.49498724
332,3.557,2.584,0.0875,0.0875,15860,1,0,28.207906867
333,3.627,0.773,0.8519,0.8519,15830,31,4,40.305236303
334,3.674,0.465,0.0872,0.0872,15821,50,23,44.499890233
335,3.787,0.990,0.0807,0.0807,15815,27,0,36.639943021
336,3.814,2.480,0.1013,0.1013,15864,26,0,27.563139381
337,3.893,2.984,0.0879,0.0879,15883,2,0,25.242267366
338,4.114,2.774,0.0765,0.0765,15846,27,0,25.218130531
339,4.376,2.598,0.0876,0.0876,15853,26,0,24.947995293
340,4.456,1.229,0.0897,0.0897,15868,34,7,30.986004479
341,4.498,1.922,0.0903,0.0903,15860,27,0,27.140286974
342,4.545,1.721,0.0834,0.0834,15855,27,0,27.867393398
343,4.675,2.243,0.0807,0.0807,15851,26,1,25.146654561
344,4.744,2.675,0.0764,0.0764,15834,1,0,23.489885058
345,4.793,1.154,0.0944,0.0944,15817,39,12,29.907237584
346,4.817,0.879,0.0835,0.0835,15809,26,0,30.909568977
347,4.822,1.619,0.0946,0.0946,15815,1,0,27.136890722
348,4.828,2.274,0.1007,0.1007,15822,26,0,24.494077464
349,4.874,0.961,0.0867,0.0867,15782,27,0,30.599435429
350,4.961,1.697,0.0792,0.0792,15808,31,1,26.169011405
351,0.465,3.674,0.1030,0.1030,15813,28,1,45.21781463
352,0.578,3.237,0.0873,0.0873,15802,1,0,47.08849345
353,0.773,3.627,0.7780,0.7780,15838,27,0,40.424996454
354,0.879,4.817,0.7445,0.7445,15802,47,20,31.044779552
355,0.961,4.874,0.0778,0.0778,15758,27,0,30.379755483
356,0.990,3.787,0.1051,0.1051,15818,67,40,36.761470869
357,1.154,4.793,0.1016,0.1016,15792,1,0,29.916978839
358,1.160,3.270,0.0905,0.0905,15808,34,7,39.892756506
359,1.229,4.456,0.0858,0.0858,0,0,0,
360,1.619,4.822,0.1034,0.1034,15808,27,0,27.134903079
361,1.677,3.420,0.0872,0.0872,15853,19,15,34.424550197
362,1.697,4.961,0.0857,0.0857,15779,25,0,26.241863973
363,1.721,4.545,0.0905,0.0905,15854,26,0,27.886563034
364,1.922,4.498,0.0899,0.0899,15861,26,0,27.106627765
365,2.088,3.354,0.8363,0.8363,15807,26,0,31.936276698
366,2.243,4.675,0.0914,0.0914,15829,1,0,25.193231641
367,2.272,3.311,0.0903,0.0903,15827,36,11,31.111165763
368,2.274,4.828,0.0905,0.0905,15830,27,2,24.474848964
369,2.480,3.814,0.0836,0.0836,15848,27,0,27.62073228
370,2.584,3.557,0.0955,0.0955,15886,27,0,28.275961931
371,2.598,4.376,0.0878,0.0878,15857,27,0,24.944920179
372,2.653,3.448,0.0827,0.0827,15875,47,20,28.415715528
373,2.675,4.744,0.0908,0.0908,15848,14,14,23.614513949
374,2.774,4.114,0.1025,0.1025,15811,27,0,25.221007239
375,2.984,3.893,0.8441,0.8441,15891,25,0,25.238057055
376,3.237,0.578,0.0947,0.0947,15815,3,0,46.881151553
377,3.270,1.160,0.8611,0.8611,15843,32,6,39.849289427
378,3.311,2.272,0.0870,0.0870,15801,3,0,31.090381412
379,3.354,2.088,0.0662,0.0662,15843,34,3,31.879297935
380,3.420,1.677,0.1097,0.1097,15844,28,0,34.263901737
381,3.448,2.653,0.0941,0.0941,15824,1,0,28.442187745
382,3.557,2.584,0.0858,0.0858,15874,27,0,28.273571678
383,3.627,0.773,0.0982,0.0982,15828,25,24,41.725840615
384,3.674,0.465,0.0943,0.0943,15811,34,7,44.039670539
385,3.787,0.990,0.0865,0.0865,15901,28,1,36.587068628
386,3.814,2.480,0.0815,0.0815,15877,31,1,27.573249309
387,3.893,2.984,0.0880,0.0880,15863,27,0,25.199426113
388,4.114,2.774,0.8230,0.8230,15834,27,0,25.202870199
389,4.376,2.598,0.0785,0.0785,15876,35,8,24.929032646
390,4.456,1.229,0.0923,0.0923,15863,26,0,30.665439498
391,4.498,1.922,0.0921,0.0921,15845,1,0,27.081001695
392,4.545,1.721,0.7271,0.7271,15828,1,0,27.824426206
393,4.675,2.243,0.0984,0.0984,15891,53,23,25.146790572
394,4.744,2.675,0.0798,0.0798,15831,0,0,23.436240321
395,4.793,1.154,0.0757,0.0757,15805,37,10,29.893067585
396,4.817,0.879,0.0872,0.0872,15817,27,0,31.361592513
397,4.822,1.619,0.0826,0.0826,15823,28,1,27.153675078
398,4.828,2.274,0.0864,0.0864,15822,27,0,24.501008615
399,4.874,0.961,0.0745,0.0745,15779,26,0,30.602064547
400,4.961,1.697,0.0920,0.0920,0,0,0,
401,0.465,3.674,0.0857,0.0857,15801,1,0,44.827154913
402,0.578,3.237,0.1032,0.1032,15824,28,0,46.414336708
403,0.773,3.627,0.0848,0.0848,15817,26,0,40.387578307
404,0.879,4.817,0.8105,0.8105,15799,26,0,31.522858702
405,0.961,4.874,0.0933,0.0933,15772,26,0,30.527094966
406,0.990,3.787,0.0906,0.0906,15811,2,0,37.10379549
407,1.154,4.793,0.0800,0.0800,15777,2,0,29.729272495
408,1.160,3.270,0.0877,0.0877,15821,2,0,39.692643858
409,1.229,4.456,0.0852,0.0852,15876,53,27,30.944626583
410,1.619,4.822,0.9966,0.9966,15842,54,23,27.086652453
411,1.677,3.420,0.1138,0.1138,15800,2,0,34.155834051
412,1.697,4.961,0.9653,0.9653,15785,27,0,26.322327478
413,1.721,4.545,0.0912,0.0912,15878,3,0,27.94282138
414,1.922,4.498,0.0744,0.0744,15882,27,0,27.244270853
415,2.088,3.354,0.9226,0.9226,15834,1,0,32.044547904
416,2.243,4.675,0.0834,0.0834,15873,27,0,25.223764086
417,2.272,3.311,0.0879,0.0879,15837,27,0,31.132147712
418,2.274,4.828,0.0948,0.0948,15852,48,21,24.573402931
419,2.480,3.814,0.0991,0.0991,15856,2,0,27.698228181
420,2.584,3.557,0.0720,0.0720,15901,30,1,28.263104341
421,2.598,4.376,0.0875,0.0875,15860,27,0,24.949919526
422,2.653,3.448,0.0939,0.0939,15860,30,1,28.404158325
423,2.675,4.744,0.1058,0.1058,15901,28,0,23.434526009
424,2.774,4.114,0.10812,0.10812,15821,27,0,25.222814584
425,2.984,3.893,0.0949,0.0949,15906,36,6,25.21842016
426,3.237,0.578,0.0952,0.0952,15797,2,0,46.087723605
427,3.270,1.160,0.9624,0.9624,15797,0,0,39.770968425
428,3.311,2.272,0.8352,0.8352,15770,1,0,31.09794791
429,3.354,2.088,0.0862,0.0862,15844,28,0,31.871335943
430,3.420,1.677,0.1062,0.1062,15838,29,0,34.174242135
431,3.448,2.653,0.0884,0.0884,15826,27,0,28.417169816
432,3.557,2.584,0.1001,0.1001,15896,27,0,28.273750141
433,3.627,0.773,0.8410,0.8410,15825,27,0,40.116603344
434,3.674,0.465,0.8914,0.8914,15789,1,0,44.22725358
435,3.787,0.990,0.0780,0.0780,15841,27,0,36.742170728
436,3.814,2.480,0.0809,0.0809,15853,14,13,27.678452744
437,3.893,2.984,0.0959,0.0959,15887,27,0,25.20944537
438,4.114,2.774,0.0906,0.0906,15830,1,0,25.158378782
439,4.376,2.598,0.0913,0.0913,15872,31,1,24.904475671
440,4.456,1.229,0.0997,0.0997,15860,1,0,31.061058684
441,4.498,1.922,0.0975,0.0975,15858,1,0,27.169885503
442,4.545,1.721,0.4257,0.4257,15843,26,0,27.834783227
443,4.675,2.243,0.7107,0.7107,15819,1,0,25.137765103
444,4.744,2.675,0.1007,0.1007,15846,1,0,23.471315562
445,4.793,1.154,0.0938,0.0938,15821,34,7,29.587192855
446,4.817,0.879,0.0926,0.0926,15796,26,0,31.465052729
447,4.822,1.619,0.0830,0.0830,15844,35,8,27.235363078
448,4.828,2.274,0.0791,0.0791,15845,44,17,24.488930415
449,4.874,0.961,0.0831,0.0831,15796,27,0,30.061244331
450,4.961,1.697,0.0859,0.0859,15813,26,0,26.107004318
451,0.465,3.674,0.0947,0.0947,15816,27,0,44.827458627
452,0.578,3.237,0.0889,0.0889,15813,1,0,47.069498791
453,0.773,3.627,0.0839,0.0839,15806,2,0,40.543021662
454,0.879,4.817,0.0955,0.0955,15798,27,0,31.295707721
455,0.961,4.874,0.0930,0.0930,15801,26,25,30.793684851
456,0.990,3.787,0.0974,0.0974,15803,26,0,36.867087762
457,1.154,4.793,0.1086,0.1086,15814,28,1,29.659648461
458,1.160,3.270,0.0912,0.0912,15798,27,0,39.517324725
459,1.229,4.456,0.0993,0.0993,15846,28,2,30.719072733
460,1.619,4.822,0.9971,0.9971,15841,26,0,26.982205264
461,1.677,3.420,0.1027,0.1027,15829,26,0,34.269062047
462,1.697,4.961,0.0952,0.0952,15802,27,0,26.130548432
463,1.721,4.545,0.0812,0.0812,15849,26,0,27.837304169
464,1.922,4.498,0.0852,0.0852,15860,27,0,27.146518244
465,2.088,3.354,0.0858,0.0858,15840,26,0,31.974824577
466,2.243,4.675,0.8880,0.8880,15838,26,0,25.210631494
467,2.272,3.311,0.0949,0.0949,15807,2,0,31.194752216
468,2.274,4.828,0.0862,0.0862,15818,26,0,24.56743291
469,2.480,3.814,0.0886,0.0886,15847,1,0,27.692342308
470,2.584,3.557,0.0764,0.0764,15905,31,1,28.271849377
471,2.598,4.376,0.0953,0.0953,15856,26,0,24.942537806
472,2.653,3.448,0.0751,0.0751,15833,27,0,28.440534481
473,2.675,4.744,0.1050,0.1050,15868,26,0,23.461986726
474,2.774,4.114,0.7801,0.7801,15853,27,0,25.210951593
475,2.984,3.893,0.0943,0.0943,15859,2,0,25.290659956
476,3.237,0.578,0.0807,0.0807,15801,26,0,47.350984402
477,3.270,1.160,0.8747,0.8747,15814,2,0,39.725671744
478,3.311,2.272,0.32593,0.32593,15833,38,11,31.067722054
479,3.354,2.088,0.0886,0.0886,15798,1,0,31.925626727
480,3.420,1.677,0.1013,0.1013,15901,27,0,34.130048022
481,3.448,2.653,0.0906,0.0906,15890,26,0,28.423209637
482,3.557,2.584,0.0960,0.0960,15843,2,0,28.271774805
483,3.627,0.773,0.7497,0.7497,15818,1,0,40.52518292
484,3.674,0.465,0.9853,0.9853,15806,26,0,44.334728615
485,3.787,0.990,0.0996,0.0996,15811,42,15,36.624841269
486,3.814,2.480,0.0965,0.0965,15845,1,1,27.558615966
487,3.893,2.984,0.0810,0.0810,15878,27,0,25.232482929
488,4.114,2.774,0.0820,0.0820,15849,2,0,25.207738773
489,4.376,2.598,0.0791,0.0791,15876,27,0,24.94596304
490,4.456,1.229,0.1031,0.1031,15868,27,0,30.835845506
491,4.498,1.922,0.0964,0.0964,15856,8,3,27.005044134
492,4.545,1.721,0.0809,0.0809,15848,27,0,27.789035594
493,4.675,2.243,0.0858,0.0858,15869,27,0,25.204584356
494,4.744,2.675,0.0868,0.0868,15856,27,0,23.448989
495,4.793,1.154,0.1009,0.1009,15804,1,0,29.619518383
496,4.817,0.879,0.0894,0.0894,15805,39,10,31.085407962
497,4.822,1.619,0.0836,0.0836,15827,30,1,27.134839992
498,4.828,2.274,0.0871,0.0871,15782,1,0,24.57770396
499,4.874,0.961,0.0965,0.0965,15780,44,17,30.244762174
500,4.961,1.697,0.0848,0.0848,15811,30,0,26.395557698
