Cenario,BandA,BandB,RTTA,RTTB,Sent,Retrans,Lost,Time
1,0.465,3.674,0.0727,0.9275,14440,382,301,296.673
2,0.578,3.237,0.9025,0.1556,14426,466,368,247.351
3,0.773,3.627,0.10304,0.1419,14478,215,171,185.823
4,0.879,4.817,0.0836,0.1325,14413,474,359,145.108
5,0.961,4.874,0.0981,0.1602,14418,483,352
2,134.290
6,0.990,3.787,0.0890,0.7860,14419,375,300,139.565
7,1.154,4.793,0.0916,0.1451,14410,430,335,110.251
8,1.160,3.270,0.0873,0.1486,14422,427,332,122.754
9,1.229,4.456,0.0924,0.1624,14423,436,340,106.264
10,1.619,4.822,0.0972,0.1509,14426,387,290,79.383
11,1.677,3.420,0.0965,0.1357,14421,28,26,83.442
12,1.697,4.961,0.20635,0.10962,14439,256,197,74.126
13,1.721,4.545,0.0896,0.1273,14412,218,180,75.256
14,1.922,4.498,0.9119,0.9701,14411,533,401,71.236
15,2.088,3.354,0.0831,0.1393,14425,436,332,69.449
16,2.243,4.675,0.0875,0.9896,14419,566,410,59.650
17,2.272,3.311,0.0920,0.1602,14428,275,223,62.854
18,2.274,4.828,0.0971,0.1283,14421,526,404,59.273
19,2.480,3.814,0.0970,0.5113,14412,102,88,54.837
20,2.584,3.557,0.8754,0.1281,14409,189,156,53.634
21,2.598,4.376,0.0834,0.1485,14417,423,330,54.246
22,2.653,3.448,0.0893,0.1311,14411,199,168,52.644
23,2.675,4.744,0.0847,0.5092,14417,318,262,47.778
24,2.774,4.114,0.0886,0.1419,14408,392,311,50.387
25,2.984,3.893,0.0786,0.4977,14410,543,421
1,47.940
26,3.237,0.578,0.0929,0.9628,14458,562,416,55.637
27,3.270,1.160,0.9816,0.9728,14415,443,327,50.741
28,3.311,2.272,0.0780,0.1205,14416,497,381,47.887
29,3.354,2.088,0.1039,0.0888,14476,93,75,46.130
30,3.420,1.677,0.0925,0.1590,14529,41,33,46.333
31,3.448,2.653,0.15422,0.1199,14411,152,132,42.814
32,3.557,2.584,0.0753,0.1001,14414,173,141,41.703
33,3.627,0.773,0.9196,0.1420,14464,511,380,49.001
34,3.674,0.465,0.0953,0.1378,14413,93,78,46.505
35,3.787,0.990,0.9546,0.1257,14433,267,221,43.768
36,3.814,2.480,0.0908,0.1574,14466,90,81,39.332
37,3.893,2.984,0.1091,0.1288,14414,412,329,38.298
38,4.114,2.774,0.0815,0.6844,14415,612,448,41.278
39,4.376,2.598,0.0761,0.1134,14413,236,194,34.275
40,4.456,1.229,0.0885,0.1911,14409,509,382,37.236
41,4.498,1.922,0.0803,0.8000,14409,255,211,35.009
42,4.545,1.721,0.0833,0.10377,14538,390,305,35.612
43,4.675,2.243,0.0791,0.1583,14419,527,400,35.081
44,4.744,2.675,0.0682,0.1124,14415,310,268,31.657
45,4.793,1.154,0.0865,0.1756,14412,417,321,35.200
46,4.817,0.879,0.0923,0.1304,14412,416,339,34.812
47,4.822,1.619,0.8977,0.1009,14409,214,176,32.841
48,4.828,2.274,0.1002,0.1331,14412,673,473
1,38.249
49,4.874,0.961,0.0752,0.5781,14431,112,88,34.124
50,4.961,1.697,0.10595,0.1348,14411,570,420
2,38.505
