Cenario,BandA,BandB,RTTA,RTTB,Sent,Retrans,Lost,Time
1,,,,,,,,
2,,,,,,,,
3,,,,,,,,
4,,,,,,,,
5,0.465,3.674,0.0926,0.1272,15627,319,2,65.542
6,0.578,3.237,0.8113,0.1427,16355,513,3,64.422
7,0.773,3.627,0.7794,0.1701,16503,624,3,62.245
8,0.879,4.817,0.0988,0.7969,16947,513,2,55.957
9,0.961,4.874,0.0930,0.10784,16067,226,1,49.099
10,0.990,3.787,0.0948,0.9307,16113,214,2,49.755
11,1.154,4.793,0.0825,0.1622,16644,510,3,43.916
12,1.160,3.270,0.7928,0.8401,15580,538,3,48.458
13,1.229,4.456,0.0986,0.1666,16126,712,3,43.381
14,1.619,4.822,0.0985,0.1691,16120,587,3,35.207
15,1.677,3.420,0.10974,0.1559,14982,293,4,38.527
16,1.697,4.961,0.7414,0.1387,15247,268,2,33.002
17,1.721,4.545,0.0995,0.1468,16183,590,3,37.057
18,1.922,4.498,0.0933,0.10704,15515,684,3,33.838
19,2.088,3.354,0.8602,0.1403,14583,454,3,37.508
20,2.243,4.675,0.6114,0.1414,14654,851,2,28.746
21,2.272,3.311,0.0908,0.7601,14601,727,3,40.198
22,2.274,4.828,0.1016,0.9876,15485,962,4,29.176
23,2.480,3.814,0.0830,0.1183,14753,217,3,31.479
24,2.584,3.557,0.1108,0.1194,14900,961,3,31.366
25,2.598,4.376,0.8655,0.1660,14968,428,3,27.600
26,2.653,3.448,0.0805,0.1307,14415,106,3,29.418
27,2.675,4.744,0.1006,0.9400,16108,1194,3,28.174
28,2.774,4.114,0.0847,0.7991,14863,423,3,27.156
29,2.984,3.893,0.0875,0.1527,14880,1421,3,28.709
30,3.237,0.578,0.0910,0.1555,16166,379,1,69.431
31,3.270,1.160,0.22218,0.1808,15893,518,3,48.326
32,3.311,2.272,0.3437,0.1588,14591,74,2,32.525
33,3.354,2.088,0.0984,0.1228,15398,1778,4,51.527
34,3.420,1.677,0.0862,0.1623,15024,601,3,38.734
35,3.448,2.653,0.0932,0.1617,14768,1471,4,33.844
36,3.557,2.584,0.0770,0.1493,15159,1655,4,38.393
37,3.627,0.773,0.7963,0.1463,16285,428,2,59.017
38,3.674,0.465,0.0941,0.1578,15292,433,2,65.561
39,3.787,0.990,0.0909,0.1692,16431,1040,3,85.386
40,3.814,2.480,0.0935,0.1102,14988,918,3,32.624
41,3.893,2.984,0.0984,0.1472,14970,966,3,32.883
42,4.114,2.774,0.0893,0.1196,14768,350,4,29.373
43,4.376,2.598,0.0936,0.1458,14970,672,3,28.113
44,4.456,1.229,0.0920,0.7987,15470,564,3,37.610
45,4.498,1.922,0.0951,0.1379,15439,697,3,32.619
46,4.545,1.721,0.0872,0.1563,16287,363,3,48.306
47,4.675,2.243,0.1038,0.10221,15350,337,2,30.135
48,4.744,2.675,0.1029,0.1441,15435,1678,4,32.716
49,4.793,1.154,0.0842,0.1540,15927,410,3,38.412
50,4.817,0.879,0.9079,0.1105,15598,352,2,42.959
51,4.822,1.619,0.0901,0.1558,16137,800,3,34.441
52,4.828,2.274,0.0954,0.1595,15749,510,3,29.591
53,4.874,0.961,0.0858,0.1399,16402,343,2,51.072
54,4.961,1.697,0.0938,0.1396,15318,411,3,30.826
55,0.465,3.674,0.0928,0.1195,15866,394,1,68.122
56,0.578,3.237,0.0855,0.8758,15527,567,2,59.487
57,0.773,3.627,0.10161,0.1420,16202,490,2,57.695
58,0.879,4.817,0.0880,0.1647,15498,345,2,42.233
59,0.961,4.874,0.0863,0.1347,16248,317,2,45.384
60,0.990,3.787,0.1055,0.1449,17166,385,2,53.940
61,1.154,4.793,0.0929,0.1763,16715,732,3,46.003
62,1.160,3.270,0.1001,0.9412,15739,628,2,52.860
63,1.229,4.456,0.0692,0.1604,15790,685,3,41.178
64,1.619,4.822,0.15942,0.1642,15296,308,2,32.186
65,1.677,3.420,0.0947,0.10125,15519,1177,3,44.502
66,1.697,4.961,0.4320,0.1189,15601,598,3,33.109
67,1.721,4.545,0.0828,0.1344,15653,682,2,35.040
68,1.922,4.498,0.0973,0.1656,15563,254,3,31.867
69,2.088,3.354,0.0843,0.1591,15446,1427,4,47.437
70,2.243,4.675,0.0743,0.16226,15331,1124,4,31.379
71,2.272,3.311,0.0950,0.1756,14854,818,3,34.238
72,2.274,4.828,0.9952,0.1553,15119,1161,3,30.416
73,2.480,3.814,0.0904,0.1536,15068,347,3,29.821
74,2.584,3.557,0.0894,0.1561,15088,1338,3,34.654
75,2.598,4.376,0.7901,0.1592,15190,938,3,29.000
76,2.653,3.448,0.0966,0.1516,14771,1088,3,32.560
77,2.675,4.744,0.0830,0.1444,14990,951,3,27.219
78,2.774,4.114,0.0873,0.10195,15049,1433,3,28.530
79,2.984,3.893,0.0964,0.1571,14734,299,3,28.453
80,3.237,0.578,0.0803,0.8736,15738,316,1,73.420
81,3.270,1.160,0.0867,0.9595,16478,465,3,55.354
82,3.311,2.272,0.0850,0.1564,15161,913,3,36.161
83,3.354,2.088,0.1061,0.1461,14629,970,3,41.289
84,3.420,1.677,0.0858,0.1694,15551,579,3,37.648
85,3.448,2.653,0.0802,0.1076,15060,1301,4,32.737
86,3.557,2.584,0.0950,0.1172,15074,1052,3,38.367
87,3.627,0.773,0.0934,0.1412,16712,628,3,67.312
88,3.674,0.465,0.1169,0.1788,15166,741,2,60.079
89,3.787,0.990,0.0871,0.1417,16071,385,3,51.430
90,3.814,2.480,0.0777,0.1445,14755,134,3,29.321
91,3.893,2.984,0.1061,0.8798,14941,996,3,28.672
92,4.114,2.774,0.0954,0.1624,14567,422,2,27.188
93,4.376,2.598,0.1017,0.2022,14935,755,3,29.765
94,4.456,1.229,0.0811,0.37670,16131,480,3,39.872
95,4.498,1.922,0.0913,0.1346,15286,671,3,31.631
96,4.545,1.721,0.8712,0.1555,15761,478,3,35.370
97,4.675,2.243,0.0918,0.1188,15093,1155,3,30.850
98,4.744,2.675,0.9448,0.1424,14774,237,2,25.110
99,4.793,1.154,0.8206,0.9899,16022,396,2,42.999
100,4.817,0.879,0.1051,0.1192,15979,312,1,46.952
101,4.822,1.619,0.0949,0.1483,16294,539,3,32.828
102,4.828,2.274,0.1047,0.1406,15352,259,2,26.900
103,4.874,0.961,0.0889,0.1645,15786,435,2,43.438
104,4.961,1.697,0.0838,0.1246,15349,479,3,31.815
105,0.465,3.674,0.0919,0.1804,15797,477,1,76.181
106,0.578,3.237,0.0875,0.1391,15650,459,2,62.996
107,0.773,3.627,0.0921,0.2945,15529,329,2,51.571
108,0.879,4.817,0.0946,0.1465,16211,775,2,48.164
109,0.961,4.874,0.0877,0.1540,16041,315,2,44.161
110,0.990,3.787,0.0757,0.1597,16509,555,2,51.730
111,1.154,4.793,0.0963,0.1301,16284,330,3,45.634
112,1.160,3.270,0.0912,0.8828,16031,560,3,53.135
113,1.229,4.456,0.1048,0.1562,16064,704,2,41.285
114,1.619,4.822,0.6884,0.1728,16041,541,3,36.474
115,1.677,3.420,0.0977,0.1557,15199,264,4,39.875
116,1.697,4.961,0.8123,0.1433,15149,404,2,29.580
117,1.721,4.545,0.0985,0.1435,16560,456,2,42.109
118,1.922,4.498,0.1039,0.1718,15539,527,3,30.727
119,2.088,3.354,0.0910,0.12497,14780,179,4,39.274
120,2.243,4.675,0.0864,0.1790,15127,461,3,30.609
121,2.272,3.311,0.0953,0.1039,15136,1095,3,36.327
122,2.274,4.828,0.0877,0.1664,15104,731,3,28.229
123,2.480,3.814,0.0964,0.10439,15696,1574,4,37.042
124,2.584,3.557,0.0786,0.1479,15049,1599,4,36.259
125,2.598,4.376,0.9081,0.1548,16100,957,3,30.383
126,2.653,3.448,0.0849,0.6146,15021,1459,4,34.876
127,2.675,4.744,0.0846,0.9593,15296,505,3,28.140
128,2.774,4.114,0.0868,0.1436,14715,786,4,31.783
129,2.984,3.893,0.0952,0.9252,15357,1572,3,32.914
130,3.237,0.578,0.1034,0.8724,15603,450,2,61.981
131,3.270,1.160,0.1049,0.1468,15539,696,3,48.041
132,3.311,2.272,0.0883,0.9419,14706,387,4,35.142
133,3.354,2.088,0.0834,0.1465,14697,517,3,40.559
134,3.420,1.677,0.1016,0.1449,15416,169,2,47.495
135,3.448,2.653,0.0878,0.1602,15066,1179,3,33.581
136,3.557,2.584,0.0987,0.1574,14544,69,2,29.147
137,3.627,0.773,0.13589,0.1617,15941,585,2,55.301
138,3.674,0.465,0.0928,0.1456,15721,571,2,67.305
139,3.787,0.990,0.0887,0.1505,14821,701,2,37.817
140,3.814,2.480,0.0978,0.1423,14614,255,2,28.126
141,3.893,2.984,0.0907,0.4923,14913,1392,4,30.676
142,4.114,2.774,0.0871,0.1453,15012,1034,3,28.367
143,4.376,2.598,0.0965,0.1286,15178,376,4,27.548
144,4.456,1.229,0.1003,0.1472,15697,333,2,41.856
145,4.498,1.922,0.0982,0.1429,15419,565,3,30.925
146,4.545,1.721,0.0872,0.1764,15875,573,3,35.849
147,4.675,2.243,0.0747,0.1421,15005,745,3,28.134
148,4.744,2.675,0.10553,0.1619,15013,719,4,31.312
149,4.793,1.154,0.4668,0.1589,16146,506,3,42.215
150,4.817,0.879,0.0602,0.1047,16187,564,2,52.891
151,4.822,1.619,0.0976,0.1454,16150,577,3,35.365
152,4.828,2.274,0.0886,0.1459,14679,296,3,25.646
153,4.874,0.961,0.1110,0.1531,16163,572,3,49.096
154,4.961,1.697,0.0896,0.1036,16074,786,3,33.933
155,0.465,3.674,0.0831,0.1424,15863,418,1,76.600
156,0.578,3.237,0.0737,0.1215,16293,482,3,73.337
157,0.773,3.627,0.1023,0.1505,15805,335,2,56.254
158,0.879,4.817,0.8632,0.1113,15796,499,2,48.686
159,0.961,4.874,0.0942,0.1533,15678,691,2,39.004
160,0.990,3.787,0.0929,0.9244,15637,252,1,47.343
161,1.154,4.793,0.1004,0.9490,16137,446,2,43.888
162,1.160,3.270,0.0781,0.1429,15583,737,3,47.934
163,1.229,4.456,0.0949,0.1494,16677,605,3,46.640
164,1.619,4.822,0.9455,0.1429,15623,553,3,34.298
165,1.677,3.420,0.1000,0.1392,15945,764,4,44.953
166,1.697,4.961,0.8872,0.1514,16914,770,3,37.706
167,1.721,4.545,0.0936,0.1428,15844,623,3,36.550
168,1.922,4.498,0.0973,0.1573,15550,623,3,31.143
169,2.088,3.354,0.1029,0.7170,14671,259,2,33.182
170,2.243,4.675,0.4691,0.1443,15268,797,3,30.710
171,2.272,3.311,0.1020,0.9645,14691,605,3,32.972
172,2.274,4.828,0.0883,0.1366,15315,947,3,29.123
173,2.480,3.814,0.0847,0.4500,15151,1077,3,32.357
174,2.584,3.557,0.0959,0.1375,15388,1276,4,32.974
175,2.598,4.376,0.9213,0.1480,15135,1089,4,28.654
176,2.653,3.448,0.0736,0.10078,14865,911,3,32.188
177,2.675,4.744,0.0967,0.9779,15225,589,3,26.527
178,2.774,4.114,0.0970,0.1401,14705,829,3,33.513
179,2.984,3.893,0.0971,0.1625,14812,1021,3,27.739
180,3.237,0.578,0.0984,0.1337,15542,192,1,58.764
181,3.270,1.160,0.1011,0.1340,15521,377,3,50.654
182,3.311,2.272,0.0839,0.1668,15190,1468,4,39.253
183,3.354,2.088,0.8744,0.1571,15211,1133,4,36.458
184,3.420,1.677,0.0919,0.1444,15479,786,4,59.218
185,3.448,2.653,0.1011,0.10178,15443,966,2,32.835
186,3.557,2.584,0.4941,0.1373,15337,1059,3,32.516
187,3.627,0.773,0.0942,0.6747,16059,625,2,58.307
188,3.674,0.465,0.7703,0.1385,15506,462,2,60.996
189,3.787,0.990,0.0976,0.1398,15504,451,2,46.198
190,3.814,2.480,0.1043,0.1442,15172,1198,3,32.107
191,3.893,2.984,0.0958,0.10020,15045,899,3,29.353
192,4.114,2.774,0.0853,0.1649,15304,668,4,31.124
193,4.376,2.598,0.0980,0.9345,15472,1215,4,37.314
194,4.456,1.229,0.0949,0.1699,15926,331,2,40.830
195,4.498,1.922,0.0942,0.9339,14675,478,3,29.941
196,4.545,1.721,0.9912,0.1505,15934,492,3,33.631
197,4.675,2.243,0.0999,0.1590,16803,1098,3,32.714
198,4.744,2.675,0.9934,0.1340,15086,816,2,26.452
199,4.793,1.154,0.0950,0.1507,16979,646,3,46.824
200,4.817,0.879,0.8879,0.1654,16221,577,3,52.926
201,4.822,1.619,0.8704,0.1568,16658,428,2,37.491
202,4.828,2.274,0.8016,0.1463,15180,1548,4,32.236
203,4.874,0.961,0.0897,0.1677,15959,497,2,41.385
204,4.961,1.697,0.0794,0.9167,16514,413,2,35.432
205,0.465,3.674,0.0921,0.1407,15904,422,1,75.484
206,0.578,3.237,0.9111,0.1541,15775,253,2,70.183
207,0.773,3.627,0.0859,0.8459,16394,477,2,60.251
208,0.879,4.817,0.0945,0.8847,16056,269,2,62.250
209,0.961,4.874,0.0833,0.1638,16952,469,2,51.686
210,0.990,3.787,0.1086,0.6493,15817,339,2,49.895
211,1.154,4.793,0.0787,0.1211,16719,648,3,45.581
212,1.160,3.270,0.0717,0.9687,15135,238,2,46.109
213,1.229,4.456,0.0978,0.1585,16172,522,2,40.710
214,1.619,4.822,0.0843,0.1486,15601,814,3,33.671
215,1.677,3.420,0.0982,0.10377,14768,164,3,35.866
216,1.697,4.961,0.0781,0.1486,15884,376,2,32.891
217,1.721,4.545,0.0957,0.0798,15619,568,3,33.167
218,1.922,4.498,0.0861,0.1496,15928,496,3,33.320
219,2.088,3.354,0.1101,0.1429,15258,1352,4,37.992
220,2.243,4.675,0.1081,0.1394,15336,1007,3,30.270
221,2.272,3.311,0.8636,0.1705,14989,1296,3,35.954
222,2.274,4.828,0.8753,0.1609,15619,800,3,31.041
223,2.480,3.814,0.0889,0.1114,14665,272,3,32.037
224,2.584,3.557,0.0643,0.1726,14708,786,3,30.309
225,2.598,4.376,0.0955,0.10140,15005,524,4,28.604
226,2.653,3.448,0.1084,0.1481,14600,732,4,31.787
227,2.675,4.744,0.0934,0.1405,15323,922,3,27.372
228,2.774,4.114,0.0843,0.1098,16328,906,3,31.126
229,2.984,3.893,0.0825,0.1505,14729,684,2,26.822
230,3.237,0.578,0.0956,0.1263,15550,453,2,63.409
231,3.270,1.160,0.8962,0.1339,16995,275,3,50.245
232,3.311,2.272,0.0854,0.1603,14627,132,3,32.684
233,3.354,2.088,0.9080,0.1483,14945,1459,4,40.879
234,3.420,1.677,0.0924,0.1721,14757,234,3,36.775
235,3.448,2.653,0.0953,0.1538,14827,1067,3,32.938
236,3.557,2.584,0.2069,0.1662,15139,99,3,30.708
237,3.627,0.773,0.0851,0.1578,16060,262,1,61.786
238,3.674,0.465,0.0812,0.1487,14996,409,2,54.626
239,3.787,0.990,0.9237,0.1555,16137,600,2,62.299
240,3.814,2.480,0.0990,0.1443,14789,480,4,34.865
241,3.893,2.984,0.0871,0.1567,14548,259,3,28.744
242,4.114,2.774,0.0977,0.1227,14892,435,2,29.820
243,4.376,2.598,0.0861,0.1379,15393,1303,3,29.625
244,4.456,1.229,0.0893,0.1517,16033,537,2,41.695
245,4.498,1.922,0.0930,0.12393,15799,442,3,35.076
246,4.545,1.721,0.0872,0.14053,15660,509,3,33.177
247,4.675,2.243,0.0907,0.1612,15344,549,3,28.894
248,4.744,2.675,0.1008,0.1331,14823,439,3,26.969
249,4.793,1.154,0.4683,0.1484,15619,216,2,38.071
250,4.817,0.879,0.1061,0.9665,16502,572,3,53.031
251,4.822,1.619,0.1017,0.1559,16384,632,3,36.938
252,4.828,2.274,0.0944,0.1253,15822,784,3,30.232
253,4.874,0.961,0.0858,0.1445,16412,285,2,50.531
254,4.961,1.697,0.1012,0.1211,15341,509,3,31.433
255,0.465,3.674,0.1022,0.1502,15176,468,2,58.335
256,0.578,3.237,0.0950,0.1482,16227,531,3,72.566
257,0.773,3.627,0.0851,0.10694,15947,342,2,58.495
258,0.879,4.817,0.0810,0.1385,16354,493,2,49.314
259,0.961,4.874,0.0925,0.1257,16444,548,2,45.475
260,0.990,3.787,0.0869,0.9893,15775,298,2,48.850
261,1.154,4.793,0.0909,0.9638,15926,754,3,42.283
262,1.160,3.270,0.0956,0.9197,15714,579,3,47.789
263,1.229,4.456,0.0955,0.1706,16212,451,2,42.051
264,1.619,4.822,0.0940,0.9713,16152,716,2,37.334
265,1.677,3.420,0.0889,0.1499,15232,252,3,39.870
266,1.697,4.961,0.0917,0.1670,16073,739,3,33.640
267,1.721,4.545,0.0923,0.1718,15939,568,3,35.901
268,1.922,4.498,0.0832,0.1548,15432,540,3,32.808
269,2.088,3.354,0.0959,0.8450,14996,1451,4,37.986
270,2.243,4.675,0.7781,0.1747,15698,466,3,31.589
271,2.272,3.311,0.0817,0.1417,15097,1107,3,34.912
272,2.274,4.828,0.0954,0.1140,15662,561,3,29.322
273,2.480,3.814,0.0829,0.1456,14996,1114,4,33.961
274,2.584,3.557,0.5672,0.1513,15569,500,4,33.898
275,2.598,4.376,0.0911,0.1795,15252,1355,4,32.646
276,2.653,3.448,0.0784,0.1605,15950,1607,4,36.145
277,2.675,4.744,0.11676,0.1562,14812,424,3,28.250
278,2.774,4.114,0.0882,0.1166,14643,619,3,29.991
279,2.984,3.893,0.0767,0.1416,15025,1556,4,29.712
280,3.237,0.578,0.1067,0.1513,16104,521,2,70.528
281,3.270,1.160,0.0894,0.1128,16238,487,3,50.127
282,3.311,2.272,0.0817,0.1291,15048,1014,3,39.332
283,3.354,2.088,0.7521,0.1712,14899,530,4,40.887
284,3.420,1.677,0.1091,0.1301,15574,785,3,40.810
285,3.448,2.653,0.0996,0.1526,14690,1216,3,36.090
286,3.557,2.584,0.0956,0.9036,15244,851,3,32.222
287,3.627,0.773,0.0964,0.1395,16729,663,3,65.191
288,3.674,0.465,0.1048,0.8390,15588,577,2,65.980
289,3.787,0.990,0.1015,0.1382,16031,505,3,49.894
290,3.814,2.480,0.1040,0.1447,14890,322,3,30.235
291,3.893,2.984,0.0916,0.1615,15719,1647,4,32.317
292,4.114,2.774,0.0822,0.8959,15006,1028,3,28.933
293,4.376,2.598,0.1020,0.4317,14962,798,3,27.972
294,4.456,1.229,0.0936,0.8191,16020,397,3,42.572
295,4.498,1.922,0.1002,0.10402,15079,589,3,31.108
296,4.545,1.721,0.0986,0.1604,15389,221,2,31.054
297,4.675,2.243,0.0915,0.1507,14918,416,3,26.934
298,4.744,2.675,0.11080,0.1348,15258,366,4,25.830
299,4.793,1.154,0.0852,0.1513,16128,469,3,61.554
300,4.817,0.879,0.0881,0.8141,16440,417,2,49.417
301,4.822,1.619,0.9664,0.0929,16038,404,3,33.708
302,4.828,2.274,0.1091,0.1402,15103,751,3,28.815
303,4.874,0.961,0.0988,0.1694,15543,527,2,42.570
304,4.961,1.697,0.0849,0.0972,16791,277,2,35.596
305,0.465,3.674,0.0938,0.1454,15872,375,1,75.798
306,0.578,3.237,0.0869,0.1488,15944,551,2,65.593
307,0.773,3.627,0.0797,0.8863,16790,593,3,64.756
308,0.879,4.817,0.0984,0.1390,16430,722,3,52.414
309,0.961,4.874,0.0945,0.1861,16333,748,2,46.307
310,0.990,3.787,0.0898,0.5314,16843,395,2,51.445
311,1.154,4.793,0.0903,0.7873,16585,460,2,45.572
312,1.160,3.270,0.7802,0.7639,16311,531,3,49.658
313,1.229,4.456,0.0847,0.1286,16166,457,3,41.849
314,1.619,4.822,0.0864,0.1282,15937,487,3,37.648
315,1.677,3.420,0.0854,0.1482,15367,1016,4,45.663
316,1.697,4.961,0.0776,0.1388,15675,642,3,31.603
317,1.721,4.545,0.0914,0.1395,15205,531,3,34.322
318,1.922,4.498,0.0863,0.1416,15154,842,3,31.746
319,2.088,3.354,0.1122,0.1483,14830,576,3,35.505
320,2.243,4.675,0.8871,0.1486,15063,933,3,29.980
321,2.272,3.311,0.0931,0.1414,15164,1208,4,37.864
322,2.274,4.828,0.0840,0.9381,16238,1069,3,30.423
323,2.480,3.814,0.0884,0.9262,14980,897,3,31.501
324,2.584,3.557,0.8625,0.1706,14900,298,4,33.850
325,2.598,4.376,0.0963,0.1477,15379,632,3,27.662
326,2.653,3.448,0.0922,0.1488,15089,1434,4,33.422
327,2.675,4.744,0.0958,0.1507,14899,385,4,30.128
328,2.774,4.114,0.0782,0.9488,14822,483,3,28.667
329,2.984,3.893,0.0887,0.1440,14584,302,4,28.837
330,3.237,0.578,0.0908,0.1529,15101,606,2,62.762
331,3.270,1.160,0.0924,0.10560,15497,493,3,49.064
332,3.311,2.272,0.0896,0.1444,15029,416,4,37.266
333,3.354,2.088,0.0929,0.1547,15314,961,3,37.581
334,3.420,1.677,0.0835,0.1514,15384,579,3,41.476
335,3.448,2.653,0.0819,0.1298,14933,1255,4,33.478
336,3.557,2.584,0.9383,0.1183,15117,1037,4,32.616
337,3.627,0.773,0.0865,0.1643,16522,368,2,65.540
338,3.674,0.465,0.1050,0.1372,15668,600,2,68.939
339,3.787,0.990,0.0932,0.9589,16719,534,3,52.573
340,3.814,2.480,0.0806,0.1377,15195,956,3,31.577
341,3.893,2.984,0.0907,0.5751,14787,1202,3,31.464
342,4.114,2.774,0.0959,0.0868,14820,309,4,32.683
343,4.376,2.598,0.0936,0.1189,15377,1686,4,34.927
344,4.456,1.229,0.0942,0.10832,16491,625,3,42.888
345,4.498,1.922,0.1077,0.1685,14655,624,3,29.938
346,4.545,1.721,0.6822,0.1801,15628,708,3,34.105
347,4.675,2.243,0.0818,0.1141,15367,416,2,32.516
348,4.744,2.675,0.0977,0.1356,14639,165,2,23.900
349,4.793,1.154,0.0962,0.1470,16731,646,3,45.427
350,4.817,0.879,0.8219,0.1540,16563,511,3,54.664
351,4.822,1.619,0.8487,0.1145,15801,603,2,34.130
352,4.828,2.274,0.1028,0.9820,16003,704,3,28.858
353,4.874,0.961,0.0953,0.1486,15643,379,2,41.068
354,4.961,1.697,0.0900,0.1540,16622,810,3,35.444
355,0.465,3.674,0.0836,0.1470,15126,642,2,55.875
356,0.578,3.237,0.0707,0.1440,15479,369,2,61.327
357,0.773,3.627,0.0856,0.1452,16546,631,3,66.673
358,0.879,4.817,0.0939,0.1660,16614,658,3,68.305
359,0.961,4.874,0.0768,0.1333,15742,460,3,47.637
360,0.990,3.787,0.1005,0.7806,16304,746,3,53.557
361,1.154,4.793,0.0818,0.1568,15964,212,1,41.600
362,1.160,3.270,0.0913,0.7936,15818,521,3,50.235
363,1.229,4.456,0.0837,0.8944,16204,433,2,41.756
364,1.619,4.822,0.0952,0.1543,15101,479,3,33.815
365,1.677,3.420,0.0904,0.1470,14725,217,3,36.379
366,1.697,4.961,0.7209,0.1488,15883,619,3,32.312
367,1.721,4.545,0.0832,0.1458,16832,776,3,42.164
368,1.922,4.498,0.0916,0.1465,15751,517,3,34.112
369,2.088,3.354,0.0920,0.9495,14790,284,4,39.746
370,2.243,4.675,0.0872,0.1176,15808,1248,4,32.616
371,2.272,3.311,0.1072,0.1466,14869,905,3,34.163
372,2.274,4.828,0.3908,0.1511,14721,224,3,25.935
373,2.480,3.814,0.1185,0.1258,14757,247,4,35.893
374,2.584,3.557,0.1086,0.1829,14835,319,4,30.280
375,2.598,4.376,0.0831,0.1504,14988,757,3,27.742
376,2.653,3.448,0.0907,0.8202,14910,1288,4,32.354
377,2.675,4.744,0.0802,0.1462,14705,1078,4,32.618
378,2.774,4.114,0.0731,0.1162,14700,496,3,28.845
379,2.984,3.893,0.0840,0.1476,14997,1078,4,30.517
380,3.237,0.578,0.0865,0.1250,16258,527,2,72.717
381,3.270,1.160,0.0930,0.1577,14988,255,2,44.609
382,3.311,2.272,0.0937,0.1848,15078,904,3,36.166
383,3.354,2.088,0.8648,0.1345,14910,1462,4,46.151
384,3.420,1.677,0.0915,0.1383,17243,957,3,44.695
385,3.448,2.653,0.0903,0.1112,14848,1017,3,33.888
386,3.557,2.584,0.0892,0.8072,14869,1048,3,31.919
387,3.627,0.773,0.1024,0.1312,16486,442,2,60.975
388,3.674,0.465,0.8583,0.1723,16213,588,2,73.768
389,3.787,0.990,0.1178,0.1768,15963,585,3,51.117
390,3.814,2.480,0.0877,0.1463,14980,466,4,33.409
391,3.893,2.984,0.0845,0.1464,15342,1138,4,32.457
392,4.114,2.774,0.0903,0.1518,15925,1522,4,31.901
393,4.376,2.598,0.0815,0.1335,15411,1687,3,30.827
394,4.456,1.229,0.0975,0.9420,16437,720,3,44.588
395,4.498,1.922,0.0972,0.9240,15851,549,3,34.942
396,4.545,1.721,0.10948,0.1737,15779,625,3,35.696
397,4.675,2.243,0.0906,0.1542,15368,996,4,33.417
398,4.744,2.675,0.9754,0.7949,15131,1056,4,27.618
399,4.793,1.154,0.0810,0.1338,16012,685,3,44.227
400,4.817,0.879,0.0913,0.9183,16343,361,3,45.829
401,4.822,1.619,0.0901,0.1619,15276,341,3,31.992
402,4.828,2.274,0.0957,0.1480,15056,903,3,30.251
403,4.874,0.961,0.0847,0.0961,16664,539,2,50.717
404,4.961,1.697,0.1006,0.35926,15778,593,3,32.245
405,0.465,3.674,0.0952,0.1615,15724,593,2,62.027
406,0.578,3.237,0.0837,0.1500,15821,511,2,66.950
407,0.773,3.627,0.0982,0.1727,15958,354,2,57.510
408,0.879,4.817,0.0953,0.1257,16484,493,2,54.600
409,0.961,4.874,0.1000,0.9783,16167,397,2,46.452
410,0.990,3.787,0.0744,0.1505,16293,837,3,60.163
411,1.154,4.793,0.0901,0.1578,16451,818,3,42.960
412,1.160,3.270,0.9572,0.1385,16199,609,3,53.648
413,1.229,4.456,0.0946,0.1525,16322,693,3,42.954
414,1.619,4.822,0.9912,0.1665,15759,671,2,33.176
415,1.677,3.420,0.1007,0.1490,15911,1162,3,40.535
416,1.697,4.961,0.1032,0.1596,16784,664,2,35.875
417,1.721,4.545,0.0951,0.1482,15303,155,1,30.956
418,1.922,4.498,0.0866,0.1524,15884,400,3,34.398
419,2.088,3.354,0.7273,0.1580,14788,187,4,39.441
420,2.243,4.675,0.1040,0.1563,15276,936,3,31.479
421,2.272,3.311,0.0806,0.1445,14729,893,3,34.066
422,2.274,4.828,0.0815,0.1366,14730,271,3,26.246
423,2.480,3.814,0.0909,0.1311,14935,995,4,32.190
424,2.584,3.557,0.0859,0.1460,15312,100,4,31.274
425,2.598,4.376,0.0911,0.1785,15441,979,3,28.681
426,2.653,3.448,0.0989,0.1609,14808,1548,4,45.867
427,2.675,4.744,0.1001,0.1257,14958,903,3,27.046
428,2.774,4.114,0.1059,0.11028,15129,1207,4,29.013
429,2.984,3.893,0.0802,0.1495,14928,1206,3,28.310
430,3.237,0.578,0.0987,0.1511,15434,565,2,60.452
431,3.270,1.160,0.0921,0.1296,16067,496,3,48.744
432,3.311,2.272,0.2811,0.1221,15236,1018,3,35.340
433,3.354,2.088,0.0958,0.1512,14980,895,3,38.758
434,3.420,1.677,0.0870,0.9418,14938,361,2,38.907
435,3.448,2.653,0.0795,0.1440,15503,912,3,32.866
436,3.557,2.584,0.8901,0.1523,14828,1348,3,33.431
437,3.627,0.773,0.0928,0.8924,17110,251,2,65.260
438,3.674,0.465,0.0782,0.1205,15514,448,2,62.555
439,3.787,0.990,0.0810,0.1573,16779,686,3,57.097
440,3.814,2.480,0.0852,0.1580,14961,509,4,34.750
441,3.893,2.984,0.0946,0.1278,14775,821,3,27.287
442,4.114,2.774,0.0955,0.1519,15128,794,3,29.497
443,4.376,2.598,0.0814,0.1489,15037,795,3,29.585
444,4.456,1.229,0.0936,0.10528,16470,708,2,44.951
445,4.498,1.922,0.0871,0.7728,15135,681,3,30.772
446,4.545,1.721,0.10034,0.1256,15534,678,3,33.183
447,4.675,2.243,0.0867,0.1192,15200,791,3,29.686
448,4.744,2.675,0.10656,0.1588,15336,908,3,28.775
449,4.793,1.154,0.0947,0.1430,15927,455,3,40.651
450,4.817,0.879,0.0821,0.1530,15674,416,2,43.303
451,4.822,1.619,0.9961,0.1154,15178,669,3,31.541
452,4.828,2.274,0.1060,0.1483,15869,565,3,29.309
453,4.874,0.961,0.0972,0.1450,16223,533,2,58.855
454,4.961,1.697,0.0832,0.9475,16196,1085,3,36.636
455,0.465,3.674,0.1031,0.9007,15465,260,1,65.493
456,0.578,3.237,0.0971,0.1363,16277,526,2,72.852
457,0.773,3.627,0.0960,0.1282,16012,394,1,63.121
458,0.879,4.817,0.10000,0.1782,16655,474,2,53.480
459,0.961,4.874,0.0985,0.4060,16511,439,2,49.340
460,0.990,3.787,0.1003,0.1216,16364,489,2,52.566
461,1.154,4.793,0.0981,0.8997,16507,587,3,48.145
462,1.160,3.270,0.0841,0.7491,16820,255,2,51.195
463,1.229,4.456,0.0968,0.9045,16415,719,3,45.956
464,1.619,4.822,0.0960,0.1741,15475,378,2,32.092
465,1.677,3.420,0.0853,0.4745,15158,1530,4,44.602
466,1.697,4.961,0.0812,0.1577,16297,625,3,35.137
467,1.721,4.545,0.0870,0.9287,15622,504,3,31.623
468,1.922,4.498,0.0956,0.1404,16227,748,2,37.657
469,2.088,3.354,0.0887,0.9421,15435,1158,4,38.979
470,2.243,4.675,0.0905,0.1492,15230,536,3,28.394
471,2.272,3.311,0.0860,0.3305,14661,27,3,31.915
472,2.274,4.828,0.1017,0.1857,15347,837,3,27.576
473,2.480,3.814,0.0952,0.1598,14599,423,3,30.626
474,2.584,3.557,0.4733,0.3996,14834,438,3,32.793
475,2.598,4.376,0.7459,0.1372,14804,1025,3,28.525
476,2.653,3.448,0.0935,0.1434,15392,1114,3,33.617
477,2.675,4.744,0.0882,0.4535,15605,970,3,26.894
478,2.774,4.114,0.0941,0.1745,15061,1435,3,28.954
479,2.984,3.893,0.0958,0.1106,14572,137,4,27.509
480,3.237,0.578,0.0993,0.8744,15525,396,2,61.774
481,3.270,1.160,0.0962,0.1453,15710,1299,3,56.953
482,3.311,2.272,0.0817,0.1572,15261,990,3,38.996
483,3.354,2.088,0.9091,0.1456,15079,1006,3,37.051
484,3.420,1.677,0.0957,0.1290,15262,427,4,40.331
485,3.448,2.653,0.0815,0.1540,14549,548,3,31.764
486,3.557,2.584,0.0975,0.1599,15004,1332,4,36.959
487,3.627,0.773,0.0896,0.11013,16008,543,3,68.147
488,3.674,0.465,0.9898,0.1455,15546,601,2,64.949
489,3.787,0.990,0.0862,0.8027,16503,480,3,51.166
490,3.814,2.480,0.0979,0.1328,14519,557,3,34.926
491,3.893,2.984,0.0934,0.1561,14579,402,4,27.358
492,4.114,2.774,0.0959,0.1519,16336,903,3,32.266
493,4.376,2.598,0.1069,0.5079,15451,1218,4,31.963
494,4.456,1.229,0.0964,0.1466,16367,687,3,43.280
495,4.498,1.922,0.7021,0.1563,15339,736,3,34.566
496,4.545,1.721,0.8241,0.1323,16033,501,3,35.115
497,4.675,2.243,0.0931,0.1777,15192,424,4,28.007
498,4.744,2.675,0.0952,0.1483,15461,777,3,28.066
499,4.793,1.154,0.0904,0.1480,16712,743,3,46.162
500,4.817,0.879,0.0941,0.1582,15857,238,1,45.448
501,4.822,1.619,0.6359,0.1522,16013,633,3,36.019
502,4.828,2.274,0.0970,0.1691,15490,730,3,30.783
503,4.874,0.961,0.1051,0.1451,16299,316,2,50.663
504,4.961,1.697,0.1027,0.9455,15363,483,3,31.766
