Cenario,Band,RTT,Sent,Retrans,Lost,Time
1,0.465,0.0995,14200,476,358,370.071
2,0.578,0.0897,14200,454,347,297.353
3,0.773,0.4885,14200,159,131,222.274
4,0.879,0.0928,14200,481,350
1,195.669
5,0.961,0.0785,14201,679,492,179.732
6,0.990,0.0902,14201,401,302,174.758
7,1.154,0.0935,14202,392,311,150.021
8,1.160,0.0900,14200,423,310,148.121
9,1.229,0.0916,14206,414,303,140.540
10,1.619,0.8274,14200,478,362,106.129
11,1.677,0.0868,14201,21,15,102.460
12,1.697,0.0886,14200,133,117,101.252
13,1.721,0.0738,14200,188,162,99.840
14,1.922,0.0904,14200,673,475
1,90.509
15,2.088,0.0938,14200,562,414,82.607
16,2.243,0.0921,14200,564,424,76.958
17,2.272,0.0794,14200,197,164,75.628
18,2.274,0.0863,14200,418,322,76.156
19,2.480,0.0926,14200,117,105,69.288
20,2.584,0.8336,14200,195,166,66.498
21,2.598,0.0841,14200,417,328,66.313
22,2.653,0.0877,14200,231,198,64.769
23,2.675,0.0943,14200,341,275,64.238
24,2.774,0.0773,14200,245,196,61.943
25,2.984,0.11542,14200,605,445,58.701
26,3.237,0.0871,14200,535,393,54.438
27,3.270,0.0993,14200,436,334,52.720
28,3.311,0.0870,14200,560,413,52.952
29,3.354,0.0964,14200,17,16,51.234
30,3.420,0.0995,14200,59,54,50.246
31,3.448,0.0787,14200,117,105,49.837
32,3.557,0.0878,14200,181,149,48.312
33,3.627,0.0817,14200,543,402,47.910
34,3.674,0.0878,14200,83,77,46.774
35,3.787,0.0929,14200,259,203,45.378
36,3.814,0.2041,14200,67,59,45.057
37,3.893,0.0915,14200,355,289,44.143
38,4.114,0.0857,14202,617,448,43.852
39,4.376,0.0893,14200,176,148,39.270
40,4.456,0.1075,14200,465,362,39.106
41,4.498,0.1000,14200,256,211,38.209
42,4.545,0.0888,14200,402,289,38.007
43,4.675,0.0821,14201,540,421,37.476
44,4.744,0.0905,14200,266,218,36.224
45,4.793,0.0904,14200,444,345,36.062
46,4.817,0.0923,14200,469,363,36.074
47,4.822,0.3442,14200,199,159,35.640
48,4.828,0.0809,14200,680,479
1,37.634
49,4.874,0.0771,14200,54,49,36.266
50,4.961,0.0859,14200,543,411,35.373
51,0.465,0.0899,14200,431,311,369.518
52,0.578,0.0946,14200,419,324,297.257
53,0.773,0.0953,14200,136,110,222.272
54,0.879,0.0878,14200,413,317,195.472
55,0.961,0.0882,14200,619,439,179.141
56,0.990,0.0757,14200,392,312,173.681
57,1.154,0.0832,14201,418,327,148.891
58,1.160,0.0831,14200,386,304,148.120
59,1.229,0.0837,14200,370,290,139.806
60,1.619,0.5549,14200,444,337,106.560
61,1.677,0.0804,14200,19,15,102.458
62,1.697,0.0753,14200,122,107,101.252
63,1.721,0.0964,14200,168,148,99.841
64,1.922,0.0952,14200,668,477,89.703
65,2.088,0.5176,14203,542,410
1,83.727
66,2.243,0.0779,14200,596,451,77.121
67,2.272,0.0991,14201,211,177,75.633
68,2.274,0.0798,14200,431,337,75.738
69,2.480,0.0954,14200,107,90,69.286
70,2.584,0.8233,14200,199,165,66.501
71,2.598,0.0888,14200,423,318,66.318
72,2.653,0.0919,14201,223,190,64.770
73,2.675,0.5607,14200,344,276,65.239
74,2.774,0.0812,14200,282,231,61.946
75,2.984,0.3884,14206,655,470,61.085
76,3.237,0.0838,14200,563,409,53.811
77,3.270,0.5478,14200,397,298,52.742
78,3.311,0.0906,14200,530,399,52.071
79,3.354,0.0987,14200,16,16,51.233
80,3.420,0.9590,14200,56,53,50.244
81,3.448,0.0890,14200,116,103,49.838
82,3.557,0.0713,14200,175,143,48.310
83,3.627,0.0920,14200,526,413,47.916
84,3.674,0.4042,14200,67,65,46.774
85,3.787,0.0982,14202,264,224,45.582
86,3.814,0.0932,14200,90,79,45.056
87,3.893,0.1000,14200,383,284,44.322
88,4.114,0.4161,14200,692,486,44.070
89,4.376,0.0993,14200,169,145,39.271
90,4.456,0.0823,14200,476,356,39.121
91,4.498,0.3780,14200,223,195,38.206
92,4.545,0.0998,14200,406,321,37.810
93,4.675,0.0910,14202,528,391,37.326
94,4.744,0.3496,14200,296,252,36.226
95,4.793,0.0922,14200,383,290,36.450
96,4.817,0.0785,14200,463,359,35.979
97,4.822,0.8500,14200,172,140,35.640
98,4.828,0.0947,14200,707,517
1,37.435
99,4.874,0.0921,14200,60,52,35.259
100,4.961,0.9176,14200,582,430,36.290
101,0.465,0.0847,14200,442,323,369.492
102,0.578,0.0950,14202,436,337,297.737
103,0.773,0.0839,14200,139,119,222.272
104,0.879,0.0876,14200,452,336,195.469
105,0.961,0.0793,14201,633,471,178.895
106,0.990,0.0990,14200,383,298,173.554
107,1.154,0.0849,14200,390,292,149.018
108,1.160,0.0818,14200,407,331,148.120
109,1.229,0.0780,14200,420,319,139.804
110,1.619,0.0962,14202,449,353
1,106.297
111,1.677,0.0865,14200,20,11,102.457
112,1.697,0.3968,14200,124,104,101.251
113,1.721,0.0816,14200,179,153,99.840
114,1.922,0.0956,14203,591,435,91.087
115,2.088,0.4178,14200,506,366,82.754
116,2.243,0.0951,14200,586,443,77.287
117,2.272,0.4620,14200,208,173,75.630
118,2.274,0.0904,14200,442,332,75.562
119,2.480,0.0823,14199,109,94,69.288
120,2.584,0.0876,14200,190,166,66.499
121,2.598,0.0921,14200,424,336,66.139
122,2.653,0.0979,14200,196,162,64.770
123,2.675,0.0959,14200,340,271,64.243
124,2.774,0.0808,14200,254,212,61.946
125,2.984,0.0863,14200,623,447,58.273
126,3.237,0.1006,14200,567,427,54.134
127,3.270,0.0840,14201,383,295,53.753
128,3.311,0.0926,14200,547,401,52.263
129,3.354,0.0930,14200,19,16,51.233
130,3.420,0.0940,14200,40,39,50.245
131,3.448,0.0816,14200,103,86,49.839
132,3.557,0.0765,14200,142,120,48.330
133,3.627,0.0946,14201,508,386,47.938
134,3.674,0.1828,14200,78,69,46.772
135,3.787,0.0955,14201,263,220,45.378
136,3.814,0.0906,14200,89,80,45.055
137,3.893,0.0896,14200,328,260,44.307
138,4.114,0.0860,14200,633,464,44.341
139,4.376,0.0815,14201,193,166,39.274
140,4.456,0.0885,14201,502,393,38.737
141,4.498,0.0857,14200,215,178,38.206
142,4.545,0.0743,14201,431,337,37.992
143,4.675,0.0860,14200,495,372,37.412
144,4.744,0.0913,14200,290,245,36.225
145,4.793,0.0923,14200,457,356,36.052
146,4.817,0.0892,14202,447,348,36.436
147,4.822,0.0793,14200,169,144,35.638
148,4.828,0.0887,14200,665,475,37.678
149,4.874,0.3040,14200,52,46,35.258
150,4.961,0.0953,14200,606,451,36.632
151,0.465,0.0834,14201,435,337,369.493
152,0.578,0.1007,14201,417,321,297.258
153,0.773,0.0783,14200,152,120,222.272
154,0.879,0.0947,14200,448,342,196.665
155,0.961,0.0867,14200,638,449
1,180.166
156,0.990,0.3709,14200,396,298,173.552
157,1.154,0.0914,14200,365,291,149.888
158,1.160,0.0887,14200,433,325,148.120
159,1.229,0.0897,14200,423,322,139.806
160,1.619,0.4406,14200,432,331,106.337
161,1.677,0.0724,14200,24,21,102.460
162,1.697,0.0941,14201,136,115,101.251
163,1.721,0.0933,14200,191,154,99.840
164,1.922,0.0848,14202,660,469,89.998
165,2.088,0.0932,14200,476,367,82.294
166,2.243,0.0806,14200,589,426,77.306
167,2.272,0.0915,14200,217,183,75.631
168,2.274,0.0867,14201,435,333
1,75.731
169,2.480,0.0767,14200,107,90,69.289
170,2.584,0.2262,14200,197,151,66.498
171,2.598,0.0765,14200,462,357,66.139
172,2.653,0.3789,14201,194,157,64.976
173,2.675,0.0802,14200,321,262,64.448
174,2.774,0.0842,14200,275,224,61.948
175,2.984,0.3861,14200,628,456,58.930
176,3.237,0.0761,14200,539,392,53.446
177,3.270,0.0975,14200,425,339,52.755
178,3.311,0.3899,14201,541,399,52.617
179,3.354,0.0826,14200,18,17,51.234
180,3.420,0.4511,14200,59,56,50.245
181,3.448,0.0895,14200,107,93,49.839
182,3.557,0.0856,14200,196,169,48.313
183,3.627,0.0918,14200,495,385,47.751
184,3.674,0.0713,14201,81,71,46.772
185,3.787,0.0995,14200,238,194,45.378
186,3.814,0.0737,14200,86,75,45.337
187,3.893,0.0992,14200,312,239,44.142
188,4.114,0.0870,14201,665,461
1,42.774
189,4.376,0.0781,14200,177,149,39.271
190,4.456,0.0923,14200,439,330,39.106
191,4.498,0.4837,14200,212,177,38.206
192,4.545,0.1041,14200,406,339,38.175
193,4.675,0.0901,14200,541,417,37.154
194,4.744,0.1004,14201,266,216,36.226
195,4.793,0.0956,14200,426,321,36.083
196,4.817,0.2816,14200,432,345,35.887
197,4.822,0.0855,14200,185,155,35.641
198,4.828,0.0824,14200,666,467,37.256
199,4.874,0.0799,14200,57,55,35.260
200,4.961,0.6218,14200,576,427,35.600
201,0.465,0.1003,14201,469,350,369.495
202,0.578,0.0788,14201,407,303,297.315
203,0.773,0.0838,14200,146,118,222.623
204,0.879,0.0913,14200,448,342,196.015
205,0.961,0.0797,14200,651,445,179.318
206,0.990,0.0880,14200,377,296,173.554
207,1.154,0.0772,14200,393,316,148.889
208,1.160,0.0819,14200,431,331,148.288
209,1.229,0.8829,14201,368,289,140.008
210,1.619,0.0991,14200,437,339,106.270
211,1.677,0.7773,14200,18,15,102.458
212,1.697,0.0936,14201,137,120,101.271
213,1.721,0.5112,14200,168,146,99.840
214,1.922,0.0821,14200,691,473,90.511
215,2.088,0.0829,14200,513,383,82.687
216,2.243,0.0874,14200,573,417,77.243
217,2.272,0.1114,14201,202,172,75.631
218,2.274,0.0897,14200,417,321,75.850
219,2.480,0.0892,14200,114,98,69.286
220,2.584,0.7498,14200,220,176,66.498
221,2.598,0.0854,14200,393,312,66.140
222,2.653,0.0838,14200,201,171,64.773
223,2.675,0.0871,14200,340,284,64.239
224,2.774,0.0849,14200,284,228,61.944
225,2.984,0.0912,14200,670,478,58.287
226,3.237,0.0948,14200,586,431,54.139
227,3.270,0.2225,14200,412,327,52.710
228,3.311,0.9090,14202,552,405,53.420
229,3.354,0.0919,14200,23,22,51.233
230,3.420,0.0833,14200,44,41,50.247
231,3.448,0.0862,14200,107,88,49.839
232,3.557,0.0913,14200,190,164,48.311
233,3.627,0.0930,14200,519,399,47.912
234,3.674,0.0894,14200,77,64,46.772
235,3.787,0.0791,14200,278,215,45.380
236,3.814,0.0968,14200,72,64,45.056
237,3.893,0.1016,14200,313,253,44.319
238,4.114,0.0815,14202,617,440,45.144
239,4.376,0.0887,14200,196,159,39.272
240,4.456,0.0939,14200,468,342,38.773
241,4.498,0.0930,14200,201,173,38.205
242,4.545,0.1005,14200,421,322,37.809
243,4.675,0.0838,14200,535,417,37.703
244,4.744,0.0927,14200,265,213,36.227
245,4.793,0.0899,14200,411,324,36.077
246,4.817,0.0855,14200,418,312,35.852
247,4.822,0.0849,14200,164,138,35.639
248,4.828,0.1010,14200,662,480,36.350
249,4.874,0.0768,14200,66,58,35.259
250,4.961,0.1034,14200,595,452,35.560
251,0.465,0.2385,14201,504,383,369.494
252,0.578,0.1038,14200,409,302,297.257
253,0.773,0.0966,14200,146,124,222.273
254,0.879,0.0940,14200,458,355,197.170
255,0.961,0.1011,14202,623,457,179.178
256,0.990,0.0844,14200,395,293,173.683
257,1.154,0.0853,14200,381,300,148.889
258,1.160,0.0807,14202,408,318,149.128
259,1.229,0.0861,14200,393,286,139.806
260,1.619,0.4506,14200,464,358,106.267
261,1.677,0.0913,14200,16,15,102.458
262,1.697,0.8576,14200,139,121,101.254
263,1.721,0.0908,14200,177,152,99.842
264,1.922,0.0765,14201,659,478,90.517
265,2.088,0.0871,14200,534,393,82.589
266,2.243,0.0929,14200,599,444,76.942
267,2.272,0.0853,14201,189,156,75.630
268,2.274,0.0888,14206,460,352,75.921
269,2.480,0.0957,14201,111,101,69.288
270,2.584,0.0787,14200,193,159,66.499
271,2.598,0.0931,14200,417,343,66.139
272,2.653,0.4939,14206,215,185,64.971
273,2.675,0.0859,14200,344,268,64.238
274,2.774,0.2033,14200,309,251,61.944
275,2.984,0.0910,14200,595,428,58.437
276,3.237,0.0940,14203,509,380,53.811
277,3.270,0.0899,14200,359,293,52.750
278,3.311,0.0885,14200,559,399,52.922
279,3.354,0.2017,14200,26,25,51.233
280,3.420,0.4082,14200,36,34,50.453
281,3.448,0.0976,14200,117,97,49.839
282,3.557,0.0886,14201,183,154,48.312
283,3.627,0.4509,14200,518,388,47.718
284,3.674,0.0708,14200,65,59,46.772
285,3.787,0.1003,14200,277,227,45.707
286,3.814,0.1018,14200,79,68,45.058
287,3.893,0.4589,14200,324,263,44.145
288,4.114,0.0876,14201,613,440
1,45.383
289,4.376,0.0955,14200,205,166,39.272
290,4.456,0.4488,14200,493,360,38.754
291,4.498,0.0838,14200,223,189,38.205
292,4.545,0.0981,14200,456,342,37.995
293,4.675,0.14496,14200,489,375,37.128
294,4.744,0.0816,14200,294,236,36.225
295,4.793,0.0885,14200,452,349,36.048
296,4.817,0.0918,14201,460,347,38.215
297,4.822,0.1434,14200,176,146,35.698
298,4.828,0.4454,14200,641,466,36.767
299,4.874,0.0816,14200,62,57,35.258
300,4.961,0.0960,14201,597,450,36.746
301,0.465,0.0862,14201,460,340,369.493
302,0.578,0.0760,14200,417,328,297.304
303,0.773,0.8508,14200,149,121,222.274
304,0.879,0.0764,14200,494,351,195.630
305,0.961,0.0905,14200,611,451,179.351
306,0.990,0.0889,14200,402,311,173.622
307,1.154,0.0836,14200,390,292,149.124
308,1.160,0.0879,14200,389,299,148.120
309,1.229,0.0876,14201,430,328,139.933
310,1.619,0.0852,14201,504,385,106.425
311,1.677,0.0834,14200,22,22,102.461
312,1.697,0.0991,14200,129,110,101.251
313,1.721,0.0845,14200,177,148,99.839
314,1.922,0.0941,14206,617,443,91.216
315,2.088,0.4864,14200,511,383,82.614
316,2.243,0.0916,14200,583,435,76.927
317,2.272,0.0812,14200,181,153,75.629
318,2.274,0.0888,14206,405,317,75.764
319,2.480,0.0760,14200,124,108,69.551
320,2.584,0.0880,14200,203,170,66.499
321,2.598,0.0963,14200,435,339,66.139
322,2.653,0.0795,14200,231,191,64.768
323,2.675,0.0968,14200,326,249,64.241
324,2.774,0.0944,14200,308,245,61.944
325,2.984,0.0968,14200,654,487,58.732
326,3.237,0.0884,14200,531,394,53.435
327,3.270,0.0969,14200,439,325,52.896
328,3.311,0.0956,14200,550,411,52.778
329,3.354,0.0769,14200,17,17,51.233
330,3.420,0.0958,14200,49,43,50.248
331,3.448,0.4498,14200,117,104,49.838
332,3.557,0.1977,14201,219,186,49.315
333,3.627,0.0898,14200,504,377,47.397
334,3.674,0.0875,14200,64,58,46.772
335,3.787,0.0841,14200,272,220,45.584
336,3.814,0.0874,14200,89,79,45.057
337,3.893,0.0932,14200,328,258,44.143
338,4.114,0.0949,14200,611,466,43.245
339,4.376,0.0873,14200,188,158,39.269
340,4.456,0.0854,14202,525,401,39.153
341,4.498,0.0874,14200,238,199,38.209
342,4.545,0.0905,14200,398,320,37.810
343,4.675,0.0824,14200,554,398,37.546
344,4.744,0.0915,14200,280,232,36.225
345,4.793,0.0770,14200,411,322,35.856
346,4.817,0.0784,14200,457,354,36.044
347,4.822,0.4915,14200,174,141,35.638
348,4.828,0.7603,14201,670,477,38.190
349,4.874,0.0848,14200,53,48,35.259
350,4.961,0.4500,14201,593,442,35.016
351,0.465,0.0821,14200,454,344,369.492
352,0.578,0.0880,14200,396,304,297.258
353,0.773,0.0830,14201,140,115,222.276
354,0.879,0.0940,14200,512,382,195.770
355,0.961,0.0896,14200,616,451,179.361
356,0.990,0.8591,14200,375,291,173.553
357,1.154,0.0806,14200,399,312,148.890
358,1.160,0.8952,14200,373,290,148.119
359,1.229,0.0957,14200,422,317,139.942
360,1.619,0.4561,14200,489,378,106.467
361,1.677,0.0922,14201,21,19,102.462
362,1.697,0.0906,14200,126,107,101.251
363,1.721,0.0845,14201,159,136,100.840
364,1.922,0.0998,14206,622,454,90.217
365,2.088,0.0968,14200,499,387,83.036
366,2.243,0.0948,14206,594,438,77.289
367,2.272,0.8133,14200,187,162,75.632
368,2.274,0.2334,14201,431,327,75.885
369,2.480,0.0967,14201,118,109,69.286
370,2.584,0.0974,14200,191,157,66.499
371,2.598,0.0794,14200,427,325,66.146
372,2.653,0.0779,14202,189,161,64.972
373,2.675,0.0935,14200,339,266,64.242
374,2.774,0.0959,14200,293,231,61.943
375,2.984,0.0828,14200,584,436,58.571
376,3.237,0.0942,14201,538,390,53.981
377,3.270,0.0794,14200,371,276,52.902
378,3.311,0.0896,14200,553,412,52.225
379,3.354,0.1013,14200,15,13,51.441
380,3.420,0.5047,14200,43,42,50.247
381,3.448,0.0887,14200,111,96,49.838
382,3.557,0.0924,14200,174,148,48.310
383,3.627,0.0840,14200,526,383,47.727
384,3.674,0.0872,14201,77,68,46.773
385,3.787,0.0902,14200,263,208,45.385
386,3.814,0.0747,14200,81,75,45.057
387,3.893,0.0817,14200,312,252,44.142
388,4.114,0.0883,14200,679,486,44.721
389,4.376,0.0954,14200,197,171,39.272
390,4.456,0.0907,14200,527,393,38.747
391,4.498,0.0968,14200,215,191,38.207
392,4.545,0.0982,14200,403,317,37.810
393,4.675,0.0963,14201,531,384,37.139
394,4.744,0.8407,14201,298,240,36.406
395,4.793,0.0778,14200,424,332,35.884
396,4.817,0.0996,14200,414,326,36.216
397,4.822,0.4197,14200,179,148,35.640
398,4.828,0.0760,14200,692,480,37.477
399,4.874,0.2340,14200,61,56,35.263
400,4.961,0.0878,14200,616,455,36.764
401,0.465,0.0916,14200,435,339,369.495
402,0.578,0.0741,14200,427,333,298.515
403,0.773,0.1861,14200,146,125,222.274
404,0.879,0.0835,14200,511,383,195.666
405,0.961,0.0920,14200,615,459,178.790
406,0.990,0.0912,14200,410,313,173.554
407,1.154,0.0795,14200,394,294,149.023
408,1.160,0.0786,14200,383,308,148.121
409,1.229,0.0917,14200,399,304,139.805
410,1.619,0.4627,14200,461,355,106.414
411,1.677,0.0874,14200,25,19,102.461
412,1.697,0.0914,14202,143,119,102.255
413,1.721,0.0918,14200,176,143,99.841
414,1.922,0.0937,14200,653,480,90.800
415,2.088,0.0920,14200,521,383,82.771
416,2.243,0.0831,14200,617,441,77.139
417,2.272,0.0834,14200,218,175,75.628
418,2.274,0.3587,14200,441,330,75.562
419,2.480,0.0829,14200,121,97,69.287
420,2.584,0.8445,14200,197,175,66.498
421,2.598,0.0816,14200,398,318,66.139
422,2.653,0.4018,14200,202,178,64.769
423,2.675,0.0770,14200,321,266,64.235
424,2.774,0.0972,14200,282,228,61.946
425,2.984,0.0766,14200,655,483,58.306
426,3.237,0.0978,14200,534,394,54.748
427,3.270,0.4575,14200,407,311,52.725
428,3.311,0.4920,14200,513,406,52.233
429,3.354,0.0892,14200,30,29,51.234
430,3.420,0.0811,14200,58,56,50.245
431,3.448,0.4072,14200,125,112,49.839
432,3.557,0.2443,14200,181,156,48.310
433,3.627,0.1007,14200,490,376,47.752
434,3.674,0.0777,14200,97,85,46.771
435,3.787,0.0977,14200,251,209,45.380
436,3.814,0.0964,14200,91,77,45.054
437,3.893,0.0859,14200,346,269,44.141
438,4.114,0.8550,14200,631,466,42.304
439,4.376,0.0918,14200,173,140,39.271
440,4.456,0.0919,14202,509,376,39.499
441,4.498,0.0868,14200,179,159,38.207
442,4.545,0.0872,14200,393,305,38.818
443,4.675,0.1071,14202,538,386
1,38.690
444,4.744,0.0846,14200,265,210,36.225
445,4.793,0.0865,14200,411,318,36.269
446,4.817,0.0957,14200,489,361,36.062
447,4.822,0.0900,14200,170,146,35.639
448,4.828,0.0905,14200,682,484,37.681
449,4.874,0.0778,14200,73,62,35.260
450,4.961,0.1001,14202,584,440,36.027
451,0.465,0.0896,14200,480,347,369.492
452,0.578,0.0919,14200,408,315,297.340
453,0.773,0.20321,14200,141,120,222.271
454,0.879,0.0868,14200,485,357,195.788
455,0.961,0.0890,14200,672,474,179.491
456,0.990,0.0933,14202,375,295,173.869
457,1.154,0.0871,14200,409,317,148.890
458,1.160,0.0937,14200,419,328,148.119
459,1.229,0.8485,14201,406,322,139.929
460,1.619,0.4291,14200,483,344,106.279
461,1.677,0.4011,14200,20,17,102.462
462,1.697,0.0800,14200,128,110,101.251
463,1.721,0.0909,14200,178,149,99.839
464,1.922,0.0807,14200,658,455,90.126
465,2.088,0.0780,14201,547,412,82.981
466,2.243,0.0817,14200,566,423,77.402
467,2.272,0.0750,14200,219,180,75.630
468,2.274,0.0829,14200,390,296,75.565
469,2.480,0.1002,14200,129,115,69.286
470,2.584,0.0782,14200,207,178,66.500
471,2.598,0.0704,14200,441,344,66.353
472,2.653,0.3348,14206,212,172,64.973
473,2.675,0.0897,14200,320,251,64.238
474,2.774,0.0849,14201,281,237,61.942
475,2.984,0.0929,14201,639,469
1,60.945
476,3.237,0.0797,14200,546,424,53.432
477,3.270,0.0771,14200,387,306,52.549
478,3.311,0.0827,14200,549,409,52.102
479,3.354,0.0931,14200,20,20,51.234
480,3.420,0.0808,14200,46,43,50.248
481,3.448,0.0768,14200,100,88,49.838
482,3.557,0.0937,14200,192,165,48.309
483,3.627,0.0939,14201,527,403,47.970
484,3.674,0.0954,14200,72,61,46.771
485,3.787,0.0888,14200,253,219,45.378
486,3.814,0.0818,14200,90,81,45.055
487,3.893,0.0855,14200,344,272,44.151
488,4.114,0.1030,14201,654,468,42.663
489,4.376,0.0870,14200,199,169,39.271
490,4.456,0.0888,14200,464,344,38.771
491,4.498,0.4755,14200,222,194,38.206
492,4.545,0.0983,14201,393,321,37.992
493,4.675,0.0724,14200,553,402,37.320
494,4.744,0.8047,14200,284,231,36.228
495,4.793,0.0848,14200,413,318,36.866
496,4.817,0.0901,14201,481,372,36.044
497,4.822,0.9658,14200,167,133,35.847
498,4.828,0.0906,14200,663,486,37.089
499,4.874,0.0896,14200,58,52,35.261
500,4.961,0.0783,14200,619,474,35.019
