Cenario,BandA,BandB,RTTA,RTTB,Sent,Retrans,Lost,Time
1,0.465,3.674,0.0894,0.9430,14433,386,296,295.857
2,0.578,3.237,0.0950,0.1566,14431,487,367,248.151
3,0.773,3.627,0.0852,0.9287,14422,234,183,178.956
4,0.879,4.817,0.0841,0.9957,14421,492,374,145.606
5,0.961,4.874,0.0876,0.1071,14426,484,350,133.862
6,0.990,3.787,0.0981,0.1457,14414,373,292,138.180
7,1.154,4.793,0.0946,0.9153,14434,428,330,115.491
8,1.160,3.270,0.0817,0.1179,14410,420,331,122.516
9,1.229,4.456,0.0942,0.8893,14445,421,320
1,108.915
10,1.619,4.822,0.5378,0.1238,14426,416,325,83.889
11,1.677,3.420,0.0808,0.1567,14528,30,25,84.229
12,1.697,4.961,0.0862,0.1529,14410,252,193
1,76.652
13,1.721,4.545,0.0909,0.1377,14456,264,205,76.485
14,1.922,4.498,0.0764,0.1616,14409,587,418,75.060
15,2.088,3.354,0.0848,0.9807,14424,462,340,69.743
16,2.243,4.675,0.0942,0.9753,14416,596,429
2,64.100
17,2.272,3.311,0.0805,0.1517,14420,304,249,62.905
18,2.274,4.828,0.4187,0.1854,14423,489,358,58.171
19,2.480,3.814,0.0793,0.1366,14414,126,113,54.838
20,2.584,3.557,0.0849,0.1219,14450,216,180,53.815
21,2.598,4.376,0.0894,0.1682,14428,380,294,50.455
22,2.653,3.448,0.0924,0.9540,14412,166,136,52.827
23,2.675,4.744,0.0924,0.1056,14409,314,261,47.426
24,2.774,4.114,0.0909,0.10513,14410,328,249,54.078
25,2.984,3.893,0.0953,0.1328,14417,619,450
1,52.585
26,3.237,0.578,0.0817,0.1363,14421,548,425,54.907
27,3.270,1.160,0.5126,0.1378,14408,400,321,50.260
28,3.311,2.272,0.0804,0.9692,14418,542,411,48.483
29,3.354,2.088,0.5059,0.1661,14407,99,81,45.798
30,3.420,1.677,0.0843,0.1356,14553,47,41,46.226
31,3.448,2.653,0.0876,0.1442,14416,128,109,43.184
32,3.557,2.584,0.1061,0.9191,14412,193,164,42.551
33,3.627,0.773,0.0918,0.1487,14458,527,404,47.634
34,3.674,0.465,0.0877,0.1372,14408,87,67,46.499
35,3.787,0.990,0.0880,0.1506,14590,272,211,44.320
36,3.814,2.480,0.0767,0.1616,14419,106,88,39.195
37,3.893,2.984,0.0898,0.3874,14413,395,322,37.938
38,4.114,2.774,0.0896,0.8511,14414,625,438,41.107
39,4.376,2.598,0.0971,0.1380,14411,226,185,34.154
40,4.456,1.229,0.0992,0.1443,14410,516,382,38.250
41,4.498,1.922,0.0882,0.10081,14418,269,214,34.781
42,4.545,1.721,0.0803,0.1370,14443,414,322,35.826
43,4.675,2.243,0.0800,0.1601,14415,573,423
2,35.545
44,4.744,2.675,0.0903,0.1601,14412,263,205,31.621
45,4.793,1.154,0.1016,0.1783,14418,460,350,36.723
46,4.817,0.879,0.0888,0.1168,14407,494,350,36.608
47,4.822,1.619,0.0956,0.1309,14418,221,187,32.979
48,4.828,2.274,0.4250,0.1727,14501,682,485,36.985
49,4.874,0.961,0.0887,0.1246,14409,99,81,33.785
50,4.961,1.697,0.0991,0.4311,14418,568,405,33.816
51,0.465,3.674,0.0841,0.1644,14418,356,269,296.375
52,0.578,3.237,0.4595,0.1215,14444,450,353,248.481
53,0.773,3.627,0.4141,0.1397,14449,226,184,179.744
54,0.879,4.817,0.1005,0.5261,14420,506,378
1,145.299
55,0.961,4.874,0.0928,0.1493,14416,483,351,134.714
56,0.990,3.787,0.0960,0.10791,14408,366,295,137.889
57,1.154,4.793,0.0899,0.5752,14445,412,325,110.027
58,1.160,3.270,0.0890,0.9397,14417,399,329,126.390
59,1.229,4.456,0.0856,0.1401,14408,420,327
1,106.864
60,1.619,4.822,0.0853,0.1153,14413,396,296,79.278
61,1.677,3.420,0.8445,0.1266,14425,19,16,84.078
62,1.697,4.961,0.0848,0.1553,14413,259,200,74.513
63,1.721,4.545,0.0790,0.1637,14454,254,205,76.131
64,1.922,4.498,0.0880,0.1723,14415,585,410
1,70.283
65,2.088,3.354,0.0845,0.1408,14423,440,324,68.307
66,2.243,4.675,0.8415,0.1578,14482,627,451,64.024
67,2.272,3.311,0.0884,0.1915,14429,267,214,62.603
68,2.274,4.828,0.3739,0.1744,14413,503,387
1,57.278
69,2.480,3.814,0.0896,0.1292,14421,108,97,54.843
70,2.584,3.557,0.0886,0.1412,14411,209,180,53.806
71,2.598,4.376,0.4538,0.1396,14413,394,300,51.822
72,2.653,3.448,0.0988,0.6470,14413,181,158,52.640
73,2.675,4.744,0.0831,0.1417,14466,336,269,47.965
74,2.774,4.114,0.4313,0.1372,14411,344,268,49.685
75,2.984,3.893,0.3801,0.1690,14409,573,426,48.173
76,3.237,0.578,0.0915,0.3942,14470,567,428,55.212
77,3.270,1.160,0.0858,0.1370,14411,453,351,50.269
78,3.311,2.272,0.0877,0.4235,14408,559,412,48.778
79,3.354,2.088,0.0980,0.1534,14684,197,49,47.289
80,3.420,1.677,0.0730,0.1673,15139,49,46,46.551
81,3.448,2.653,0.0950,0.1413,14412,132,117,42.813
82,3.557,2.584,0.1015,0.7544,14422,210,181,41.740
83,3.627,0.773,0.0777,0.1272,14423,493,377,48.893
84,3.674,0.465,0.0877,0.4549,14409,76,66,46.139
85,3.787,0.990,0.5035,0.1234,14409,259,223,43.404
86,3.814,2.480,0.0821,0.1324,14409,105,91,39.160
87,3.893,2.984,0.0844,0.1320,14416,364,297,38.076
88,4.114,2.774,0.0850,0.1105,14413,616,461,38.412
89,4.376,2.598,0.0879,0.1515,14469,224,189,34.377
90,4.456,1.229,0.0809,0.1490,14446,492,374,37.035
91,4.498,1.922,0.0949,0.17533,14464,293,236,34.774
92,4.545,1.721,0.4976,0.1333,14412,433,334,35.352
93,4.675,2.243,0.12417,0.0827,14412,533,395,34.858
94,4.744,2.675,0.8779,0.1576,14412,245,208,33.150
95,4.793,1.154,0.0765,0.1768,14411,431,333,34.746
96,4.817,0.879,0.0966,0.1300,14416,485,366,35.069
97,4.822,1.619,0.0945,0.1274,14411,210,175,32.777
98,4.828,2.274,0.4921,0.1484,14411,625,464,34.552
99,4.874,0.961,0.0950,0.1393,14408,91,73,33.787
100,4.961,1.697,0.6378,0.1455,14408,502,386,33.351
101,0.465,3.674,0.0964,0.1262,14417,426,324,299.202
102,0.578,3.237,0.0907,0.1483,14432,441,349,246.916
103,0.773,3.627,0.8873,0.1196,14416,221,176,183.397
104,0.879,4.817,0.0839,0.1304,14694,539,391,154.451
105,0.961,4.874,0.0814,0.1410,14446,512,346,135.683
106,0.990,3.787,0.0933,0.1639,14469,360,274,138.590
107,1.154,4.793,0.0977,0.1648,14453,412,325,110.234
108,1.160,3.270,0.0860,0.1651,14425,409,322,122.602
109,1.229,4.456,0.0993,0.1488,14416,454,350,111.639
110,1.619,4.822,0.9602,0.1311,14422,442,343
1,85.273
111,1.677,3.420,0.4536,0.1316,14491,23,19,83.910
112,1.697,4.961,0.0815,0.1285,14458,290,232,75.874
113,1.721,4.545,0.0765,0.1431,14416,235,204,75.312
114,1.922,4.498,0.1009,0.1388,14413,585,419,70.840
115,2.088,3.354,0.0841,0.1449,14476,458,346,69.859
116,2.243,4.675,0.0961,0.1511,14414,636,462,61.359
117,2.272,3.311,0.4885,0.1385,14416,281,223,64.826
118,2.274,4.828,0.0974,0.1385,14432,514,381
1,60.789
119,2.480,3.814,0.4344,0.1371,14423,106,96,54.855
120,2.584,3.557,0.0728,0.1211,14422,198,170,54.172
121,2.598,4.376,0.0999,0.8787,14408,361,295,51.264
122,2.653,3.448,0.1006,0.1660,14416,168,144,52.882
123,2.675,4.744,0.0831,0.5194,14424,347,271,48.124
124,2.774,4.114,0.8715,0.1161,14411,386,310
1,50.946
125,2.984,3.893,0.0842,0.1284,14411,555,425,49.233
126,3.237,0.578,0.0921,0.9775,14410,545,406,55.533
127,3.270,1.160,0.0990,0.1494,14409,404,323,50.155
128,3.311,2.272,0.0909,0.1473,14412,469,361,47.692
129,3.354,2.088,0.3570,0.1458,14811,340,50,47.916
130,3.420,1.677,0.0825,0.1525,15028,62,49,48.072
131,3.448,2.653,0.0753,0.1428,14437,121,104,43.265
132,3.557,2.584,0.0892,0.9333,14414,200,167,42.033
133,3.627,0.773,0.0826,0.1471,14410,472,357,47.147
134,3.674,0.465,0.0910,0.1622,14461,104,89,46.592
135,3.787,0.990,0.0908,0.1456,14411,282,232,43.864
136,3.814,2.480,0.0946,0.1338,14413,96,85,39.292
137,3.893,2.984,0.0870,0.1167,14446,428,326,38.368
138,4.114,2.774,0.0809,0.4389,14410,578,435,37.945
139,4.376,2.598,0.0868,0.31031,14407,245,199,34.072
140,4.456,1.229,0.0868,0.1410,14413,501,391,37.841
141,4.498,1.922,0.0739,0.1680,14409,277,224,34.714
142,4.545,1.721,0.0983,0.1467,14433,372,290,36.973
143,4.675,2.243,0.3939,0.1532,14447,567,423,34.010
144,4.744,2.675,0.0612,0.1476,14417,298,243,31.181
145,4.793,1.154,0.0848,0.1624,14429,419,313,36.907
146,4.817,0.879,0.0946,0.1634,14408,466,360,35.618
147,4.822,1.619,0.0759,0.1511,14426,201,163,33.187
148,4.828,2.274,0.3036,0.1353,14409,672,472,38.206
149,4.874,0.961,0.0932,0.1204,14412,93,76,33.774
150,4.961,1.697,0.0967,0.1455,14432,584,428
2,37.417
151,0.465,3.674,0.0999,0.1734,14419,373,285,300.146
152,0.578,3.237,0.16760,0.1220,14431,441,346,246.276
153,0.773,3.627,0.16978,0.1369,14419,211,174,183.066
154,0.879,4.817,0.0872,0.9076,14417,439,343,144.351
155,0.961,4.874,0.0841,0.1572,14420,520,381
1,132.544
156,0.990,3.787,0.0871,0.1580,14419,368,282,143.539
157,1.154,4.793,0.0856,0.1383,14485,437,335,110.852
158,1.160,3.270,0.0830,0.8526,14410,420,331,123.108
159,1.229,4.456,0.0937,0.10576,14412,459,353
1,107.801
160,1.619,4.822,0.4809,0.1408,14419,364,293
1,79.275
161,1.677,3.420,0.0937,0.8202,14726,30,23,85.748
162,1.697,4.961,0.0843,0.1282,14409,245,193,73.430
163,1.721,4.545,0.0842,0.1458,14425,267,225,75.367
164,1.922,4.498,0.0911,0.1402,14425,537,391,70.661
165,2.088,3.354,0.0886,0.9785,14814,428,310,71.057
166,2.243,4.675,0.8518,0.1172,14411,577,421
1,60.575
167,2.272,3.311,0.0810,0.1480,14410,306,235,63.018
168,2.274,4.828,0.0889,0.1545,14413,486,376,57.008
169,2.480,3.814,0.0955,0.5994,14413,111,97,54.841
170,2.584,3.557,0.0904,0.1459,14412,232,185,53.645
171,2.598,4.376,0.0910,0.1748,14425,343,262
1,52.006
172,2.653,3.448,0.0854,0.9054,14410,185,157,52.642
173,2.675,4.744,0.1063,0.1400,14410,332,267,48.094
174,2.774,4.114,0.7318,0.1599,14429,386,297,50.436
175,2.984,3.893,0.1017,0.4418,14419,580,411,50.477
176,3.237,0.578,0.0823,0.7916,14443,508,370,54.667
177,3.270,1.160,0.0939,0.9880,14408,412,327,50.124
178,3.311,2.272,0.0906,0.1538,14426,550,412,47.441
179,3.354,2.088,0.0871,0.1276,14413,87,69,45.711
180,3.420,1.677,0.0864,0.1708,15011,41,36,46.621
181,3.448,2.653,0.0787,0.1504,14415,130,117,42.836
182,3.557,2.584,0.0687,0.8368,14411,166,137,43.424
183,3.627,0.773,0.3777,0.1250,14422,535,396,48.436
184,3.674,0.465,0.0805,0.7919,14483,89,72,46.614
185,3.787,0.990,0.0835,0.1586,14411,296,254,43.378
186,3.814,2.480,0.0797,0.1190,14425,111,83,39.504
187,3.893,2.984,0.0892,0.1295,14410,410,337,37.717
188,4.114,2.774,0.0825,0.2300,14417,650,497,38.572
189,4.376,2.598,0.0870,0.1300,14426,226,190,33.998
190,4.456,1.229,0.0830,0.1418,14422,497,369
1,39.616
191,4.498,1.922,0.0812,0.4591,14412,284,233,34.718
192,4.545,1.721,0.0790,0.1473,14410,407,323,34.896
193,4.675,2.243,0.0897,0.1364,14415,558,413,35.220
194,4.744,2.675,0.10547,0.9464,14422,282,246,31.093
195,4.793,1.154,0.0950,0.9416,14409,420,340,34.834
196,4.817,0.879,0.0864,0.1472,14407,511,380,36.296
197,4.822,1.619,0.0910,0.1188,14410,198,151
1,32.937
198,4.828,2.274,0.6975,0.1269,14412,693,471,38.356
199,4.874,0.961,0.0819,0.1326,14410,103,86,33.801
200,4.961,1.697,0.3659,0.1383,14411,520,391,34.973
201,0.465,3.674,0.0992,0.1591,14433,380,288
1,295.956
202,0.578,3.237,0.11457,0.1629,14422,470,360
1,253.060
203,0.773,3.627,0.0950,0.1423,14561,215,166,182.129
204,0.879,4.817,0.9503,0.1499,14422,464,351,145.704
205,0.961,4.874,0.0965,0.1716,14414,478,342
2,138.096
206,0.990,3.787,0.0773,0.4588,14415,350,275,141.913
207,1.154,4.793,0.0915,0.11471,14444,384,308,110.794
208,1.160,3.270,0.0895,0.1597,14436,392,311,123.270
209,1.229,4.456,0.0865,0.1477,14416,484,352,112.091
210,1.619,4.822,0.0839,0.1150,14424,377,293,79.073
211,1.677,3.420,0.0910,0.1316,14640,33,23,86.147
212,1.697,4.961,0.0837,0.1755,14414,261,213,76.877
213,1.721,4.545,0.1016,0.1360,14443,253,201,75.451
214,1.922,4.498,0.1050,0.9181,14416,575,415,73.256
215,2.088,3.354,0.0779,0.1367,15149,451,331,75.983
216,2.243,4.675,0.4649,0.1310,14418,615,434,62.341
217,2.272,3.311,0.0795,0.1349,14411,258,212,63.957
218,2.274,4.828,0.10278,0.1018,14414,574,386,66.445
219,2.480,3.814,0.0898,0.9571,14451,112,99,55.217
220,2.584,3.557,0.4639,0.1429,14418,184,154,53.656
221,2.598,4.376,0.0872,0.1501,14416,364,286,50.383
222,2.653,3.448,0.0984,0.1399,14419,186,153,52.652
223,2.675,4.744,0.0918,0.3849,14409,325,270,47.895
224,2.774,4.114,0.0871,0.1309,14419,423,336,50.154
225,2.984,3.893,0.4406,0.1375,14409,582,436,48.814
226,3.237,0.578,0.0964,0.1455,14415,567,427,54.285
227,3.270,1.160,0.0935,0.1550,14407,427,319,50.861
228,3.311,2.272,0.4272,0.1198,14409,482,360,48.023
229,3.354,2.088,0.8464,0.1302,14461,94,74,46.309
230,3.420,1.677,0.0892,0.5404,14743,37,33,46.724
231,3.448,2.653,0.0783,0.1134,14416,144,114,42.843
232,3.557,2.584,0.1074,0.7928,14413,179,160,41.699
233,3.627,0.773,0.0921,0.1469,14411,448,344,47.375
234,3.674,0.465,0.7737,0.1331,14451,105,90,46.259
235,3.787,0.990,0.0922,0.1483,14408,283,226,43.376
236,3.814,2.480,0.0826,0.1505,14427,104,96,39.189
237,3.893,2.984,0.0894,0.4519,14420,452,338,38.424
238,4.114,2.774,0.0714,0.1391,14412,636,453,39.946
239,4.376,2.598,0.0904,0.4747,14411,209,168,33.887
240,4.456,1.229,0.0788,0.1540,14426,496,375,39.202
241,4.498,1.922,0.0976,0.1790,14411,285,229,34.850
242,4.545,1.721,0.0899,0.1425,14453,413,322,36.825
243,4.675,2.243,0.0971,0.9676,14408,543,398,34.587
244,4.744,2.675,0.0904,0.1699,14411,271,228,31.083
245,4.793,1.154,0.4934,0.1269,14414,422,326,35.314
246,4.817,0.879,0.0788,0.1436,14433,484,361,35.581
247,4.822,1.619,0.0910,0.1245,14431,171,145,32.820
248,4.828,2.274,0.0883,0.1361,14413,682,486,36.359
249,4.874,0.961,0.0774,0.1241,14410,80,65,33.788
250,4.961,1.697,0.0831,0.9143,14431,539,404,34.124
251,0.465,3.674,0.0869,0.1405,14423,390,298,295.705
252,0.578,3.237,0.0839,0.1538,14446,468,355,248.830
253,0.773,3.627,0.0822,0.9281,14458,229,179,180.229
254,0.879,4.817,0.0822,0.1621,14410,510,395,144.496
255,0.961,4.874,0.0923,0.1504,14436,495,338
1,135.353
256,0.990,3.787,0.0928,0.9364,14429,351,282,138.196
257,1.154,4.793,0.0868,0.5031,14432,408,322,109.989
258,1.160,3.270,0.0849,0.4207,14518,389,313,123.517
259,1.229,4.456,0.0875,0.9828,14412,451,340,107.813
260,1.619,4.822,0.4633,0.1264,14424,479,340,84.218
261,1.677,3.420,0.0959,0.8274,14422,34,29,83.450
262,1.697,4.961,0.4208,0.1479,14417,259,200,75.031
263,1.721,4.545,0.0826,0.1238,14439,244,195,74.987
264,1.922,4.498,0.4446,0.1329,14422,576,415,70.315
265,2.088,3.354,0.0876,0.1758,14429,420,317,68.582
266,2.243,4.675,0.0874,0.1336,14412,626,459,60.871
267,2.272,3.311,0.0785,0.1339,14408,273,222,62.643
268,2.274,4.828,0.0833,0.1478,14415,531,398,57.707
269,2.480,3.814,0.0874,0.1478,14444,110,93,54.992
270,2.584,3.557,0.0906,0.1502,14412,211,167,53.641
271,2.598,4.376,0.3820,0.1120,14418,377,305,51.089
272,2.653,3.448,0.0852,0.1500,14431,173,144,52.707
273,2.675,4.744,0.0981,0.3788,14411,303,246,48.149
274,2.774,4.114,0.0877,0.1863,14414,352,289,49.104
275,2.984,3.893,0.0857,0.1617,14418,501,364,49.447
276,3.237,0.578,0.0968,0.1711,14409,563,415
1,53.877
277,3.270,1.160,0.4373,0.1587,14412,384,306,50.692
278,3.311,2.272,0.0750,0.1829,14415,537,395,48.631
279,3.354,2.088,0.0761,0.9535,14411,90,72,45.803
280,3.420,1.677,0.8641,0.1165,14552,45,41,46.242
281,3.448,2.653,0.0871,0.1262,14411,142,124,42.817
282,3.557,2.584,0.0794,0.1551,14413,192,163,41.697
283,3.627,0.773,0.0901,0.17996,14421,490,371,48.540
284,3.674,0.465,0.0929,0.1533,14499,75,60,46.624
285,3.787,0.990,0.0828,0.1852,14409,276,226,43.377
286,3.814,2.480,0.0777,0.1113,14415,81,72,39.160
287,3.893,2.984,0.0937,0.3371,14445,380,289,38.470
288,4.114,2.774,0.0990,0.1385,14423,587,419
1,41.838
289,4.376,2.598,0.0816,0.1387,14412,232,184,36.027
290,4.456,1.229,0.0819,0.1547,14428,536,400,38.638
291,4.498,1.922,0.0975,0.1314,14409,278,225,34.651
292,4.545,1.721,0.0859,0.1149,14445,380,306,35.452
293,4.675,2.243,0.0821,0.1207,14413,525,392,36.126
294,4.744,2.675,0.7412,0.8341,14410,283,243,31.350
295,4.793,1.154,0.0830,0.1503,14410,450,352,35.677
296,4.817,0.879,0.0859,0.1515,14437,459,335,35.987
297,4.822,1.619,0.0915,0.1451,14414,221,188,32.974
298,4.828,2.274,0.0819,0.1225,14411,590,455,34.475
299,4.874,0.961,0.0928,0.1478,14409,78,67,33.765
300,4.961,1.697,0.1039,0.1497,14437,520,408,32.873
301,0.465,3.674,0.0896,0.8387,14413,393,298,295.520
302,0.578,3.237,0.0765,0.1334,14415,494,377
1,250.570
303,0.773,3.627,0.0946,0.1107,14413,207,165,181.193
304,0.879,4.817,0.0805,0.1096,14433,494,383,145.195
305,0.961,4.874,0.0926,0.10442,14419,491,351,133.459
306,0.990,3.787,0.0855,0.1389,14415,357,285,138.995
307,1.154,4.793,0.0883,0.8901,14418,408,323,112.142
308,1.160,3.270,0.0923,0.1476,14412,406,326,123.269
309,1.229,4.456,0.0868,0.1146,14413,415,320,107.124
310,1.619,4.822,0.0944,0.9054,14414,406,321,79.407
311,1.677,3.420,0.0819,0.1334,14547,29,26,84.360
312,1.697,4.961,0.0836,0.1540,14432,283,221,74.068
313,1.721,4.545,0.0858,0.1703,14417,267,218,75.300
314,1.922,4.498,0.3758,0.1647,14412,563,413,71.032
315,2.088,3.354,0.0845,0.1635,14490,452,323
1,72.259
316,2.243,4.675,0.0806,0.8608,14420,579,428,60.816
317,2.272,3.311,0.0955,0.1247,14412,265,218,62.696
318,2.274,4.828,0.8644,0.1249,14426,518,380,58.667
319,2.480,3.814,0.1028,0.8838,14414,77,67,55.233
320,2.584,3.557,0.0857,0.1273,14411,204,180,53.632
321,2.598,4.376,0.0985,0.1616,14427,373,291,50.802
322,2.653,3.448,0.0916,0.9378,14420,183,150,52.702
323,2.675,4.744,0.0827,0.1468,14410,376,302,47.797
324,2.774,4.114,0.0830,0.4684,14429,396,296,50.134
325,2.984,3.893,0.1006,0.1325,14424,569,424,48.418
326,3.237,0.578,0.0890,0.4384,14408,543,398,55.186
327,3.270,1.160,0.0805,0.1272,14410,387,287,51.982
328,3.311,2.272,0.5107,0.1320,14426,538,417,48.011
329,3.354,2.088,0.1096,0.1520,14880,530,60,47.814
330,3.420,1.677,0.0890,0.1355,15308,44,40,47.056
331,3.448,2.653,0.0889,0.1569,14417,129,115,42.814
332,3.557,2.584,0.0870,0.1469,14413,174,149,41.694
333,3.627,0.773,0.0891,0.1499,14445,479,369,47.514
334,3.674,0.465,0.0817,0.1264,14438,90,78,46.245
335,3.787,0.990,0.4796,0.1587,14407,310,251,43.817
336,3.814,2.480,0.0833,0.1478,14411,103,88,39.159
337,3.893,2.984,0.0901,0.4436,14407,427,323,38.161
338,4.114,2.774,0.0804,0.1486,14420,645,457,41.147
339,4.376,2.598,0.0846,0.1668,14409,234,205,33.865
340,4.456,1.229,0.0993,0.1579,14415,539,407,38.058
341,4.498,1.922,0.4539,0.1809,14452,289,230,35.184
342,4.545,1.721,0.0981,0.10391,14413,407,315
1,35.778
343,4.675,2.243,0.4426,0.1327,14411,580,435,35.103
344,4.744,2.675,0.0938,0.1534,14412,303,251,31.326
345,4.793,1.154,0.0930,0.1331,14409,413,312,34.331
346,4.817,0.879,0.0787,0.1151,14412,470,357,35.451
347,4.822,1.619,0.0877,0.1466,14410,182,158,33.042
348,4.828,2.274,0.10190,0.1219,14410,661,465,36.540
349,4.874,0.961,0.0968,0.1183,14422,92,72,34.064
350,4.961,1.697,0.0923,0.1797,14413,521,395,33.297
351,0.465,3.674,0.0878,0.9623,14416,410,307,296.986
352,0.578,3.237,0.0946,0.1481,14414,448,340,246.249
353,0.773,3.627,0.4774,0.1480,14442,228,181,178.803
354,0.879,4.817,0.4012,0.1753,14411,476,347,145.455
355,0.961,4.874,0.0898,0.4537,14417,521,391,134.354
356,0.990,3.787,0.0907,0.1412,14418,384,291,143.072
357,1.154,4.793,0.0949,0.1499,14413,404,313,110.743
358,1.160,3.270,0.0853,0.1265,14412,415,311,122.939
359,1.229,4.456,0.0904,0.4244,14432,448,339,108.111
360,1.619,4.822,0.6836,0.1594,14459,405,303,79.402
361,1.677,3.420,0.0811,0.1477,14609,199,21,85.028
362,1.697,4.961,0.0902,0.1497,14406,257,203,75.321
363,1.721,4.545,0.8044,0.1509,14441,234,191,75.545
364,1.922,4.498,0.0862,0.9699,14423,581,420,74.488
365,2.088,3.354,0.1027,0.1342,14663,479,366,71.935
366,2.243,4.675,0.9377,0.1263,14413,613,432
2,66.351
367,2.272,3.311,0.0928,0.1443,14408,252,214,62.593
368,2.274,4.828,0.0937,0.1706,14454,478,365,58.449
369,2.480,3.814,0.0915,0.1486,14422,124,112,57.386
370,2.584,3.557,0.0889,0.9073,14408,208,185,53.632
371,2.598,4.376,0.1005,0.1589,14417,344,273,50.750
372,2.653,3.448,0.0820,0.1229,14413,188,155,52.648
373,2.675,4.744,0.0817,0.1361,14409,311,257,47.885
374,2.774,4.114,0.0927,0.1524,14416,388,301,49.694
375,2.984,3.893,0.0827,0.5226,14413,596,435,50.535
376,3.237,0.578,0.0740,0.1458,14406,580,427,55.161
377,3.270,1.160,0.0922,0.1335,14413,373,302,50.429
378,3.311,2.272,0.0908,0.1476,14428,504,379,47.479
379,3.354,2.088,0.0901,0.1561,14410,60,39,45.695
380,3.420,1.677,0.0976,0.1262,14596,43,38,46.325
381,3.448,2.653,0.0779,0.1571,14456,132,109,42.973
382,3.557,2.584,0.0898,0.9380,14449,187,156,41.815
383,3.627,0.773,0.16225,0.1375,14421,533,401,48.450
384,3.674,0.465,0.0877,0.1559,14411,95,77,46.232
385,3.787,0.990,0.0876,0.1572,14408,249,216,43.559
386,3.814,2.480,0.0825,0.1666,14416,104,87,39.211
387,3.893,2.984,0.0807,0.7508,14413,364,286,37.783
388,4.114,2.774,0.0930,0.9767,14430,609,457,39.990
389,4.376,2.598,0.0809,0.4020,14421,238,204,33.895
390,4.456,1.229,0.0864,0.1498,14456,502,366
1,38.698
391,4.498,1.922,0.0886,0.9013,14409,274,220,34.667
392,4.545,1.721,0.0908,0.8573,14410,392,287,34.916
393,4.675,2.243,0.6611,0.1046,14418,543,409
1,35.206
394,4.744,2.675,0.5143,0.1651,14415,296,247,31.430
395,4.793,1.154,0.0832,0.1421,14428,443,333,35.050
396,4.817,0.879,0.4740,0.1470,14422,467,357,36.278
397,4.822,1.619,0.8881,0.1504,14411,201,168,32.796
398,4.828,2.274,0.3528,0.1326,14414,679,499,36.513
399,4.874,0.961,0.0975,0.1352,14412,103,83,34.007
400,4.961,1.697,0.0851,0.1922,14432,555,411,35.639
401,0.465,3.674,0.0977,0.1502,14419,362,286,295.669
402,0.578,3.237,0.4759,0.1202,14419,434,340,246.584
403,0.773,3.627,0.4347,0.1321,14460,214,165,183.593
404,0.879,4.817,0.0920,0.1775,14436,509,379
1,144.975
405,0.961,4.874,0.0901,0.1434,14415,500,355
1,135.957
406,0.990,3.787,0.0836,0.10045,14486,347,270,140.155
407,1.154,4.793,0.0912,0.1787,14410,438,350,112.583
408,1.160,3.270,0.2031,0.8574,14410,373,297,122.631
409,1.229,4.456,0.0990,0.1461,14414,422,331,106.479
410,1.619,4.822,0.2473,0.1303,14427,406,294
1,81.162
411,1.677,3.420,0.0938,0.1266,14868,29,19,87.044
412,1.697,4.961,0.0964,0.1314,14435,289,232,74.689
413,1.721,4.545,0.0928,0.1350,14414,256,209,75.934
414,1.922,4.498,0.4669,0.1425,14418,545,385
2,71.344
415,2.088,3.354,0.0875,0.5689,14585,426,317,71.228
416,2.243,4.675,0.5159,0.1598,14416,599,451,59.138
417,2.272,3.311,0.6589,0.1718,14410,257,205,62.972
418,2.274,4.828,0.0923,0.1536,14412,529,399,58.599
419,2.480,3.814,0.0838,0.4172,14421,86,71,54.843
420,2.584,3.557,0.5487,0.1479,14414,205,177,54.275
421,2.598,4.376,0.0938,0.1453,14457,362,280
1,52.322
422,2.653,3.448,0.0936,0.1455,14413,193,165,52.653
423,2.675,4.744,0.0837,0.1021,14414,353,286,50.365
424,2.774,4.114,0.8940,0.1362,14427,391,302,51.180
425,2.984,3.893,0.0921,0.1740,14416,601,444,51.517
426,3.237,0.578,0.0868,0.1370,14413,564,417,53.975
427,3.270,1.160,0.0819,0.8070,14433,393,306,51.494
428,3.311,2.272,0.0882,0.1636,14414,527,402,49.410
429,3.354,2.088,0.0866,0.1522,14423,92,73,46.060
430,3.420,1.677,0.0826,0.1470,14523,52,43,46.025
431,3.448,2.653,0.0947,0.8938,14435,131,113,42.954
432,3.557,2.584,0.0820,0.4082,14408,192,168,41.883
433,3.627,0.773,0.0847,0.1131,14427,544,402
1,49.425
434,3.674,0.465,0.0799,0.1651,14438,93,80,46.231
435,3.787,0.990,0.0873,0.8689,14409,280,232,44.037
436,3.814,2.480,0.0866,0.1419,14420,87,75,39.192
437,3.893,2.984,0.0876,0.1620,14418,401,299,38.872
438,4.114,2.774,0.3913,0.1588,14462,609,442
1,39.134
439,4.376,2.598,0.0849,0.1280,14409,241,209,34.039
440,4.456,1.229,0.0827,0.1588,14411,503,383,39.875
441,4.498,1.922,0.0979,0.1496,14421,301,242,34.912
442,4.545,1.721,0.0899,0.1413,14429,395,313,35.334
443,4.675,2.243,0.0968,0.8193,14418,591,447,34.778
444,4.744,2.675,0.0785,0.1366,14409,266,219,31.083
445,4.793,1.154,0.4323,0.1669,14442,448,342,35.821
446,4.817,0.879,0.4312,0.8249,14408,482,373,35.499
447,4.822,1.619,0.0759,0.1189,14451,220,180,32.933
448,4.828,2.274,0.4401,0.1360,14425,709,515,37.183
449,4.874,0.961,0.0954,0.9870,14444,90,75,33.852
450,4.961,1.697,0.0922,0.1582,14449,584,405
1,39.114
451,0.465,3.674,0.0950,0.1492,14435,350,277,296.590
452,0.578,3.237,0.0966,0.1374,14441,433,340,247.203
453,0.773,3.627,0.0907,0.1486,14500,219,171,179.741
454,0.879,4.817,0.6957,0.9042,14414,462,355,146.430
455,0.961,4.874,0.0846,0.5087,14415,448,324
1,135.273
456,0.990,3.787,0.0846,0.1491,14419,378,291,138.344
457,1.154,4.793,0.0946,0.9828,14416,405,312,110.725
458,1.160,3.270,0.0922,0.1450,14414,395,305,122.957
459,1.229,4.456,0.0767,0.1102,14414,455,349,106.522
460,1.619,4.822,0.0854,0.1389,14422,425,324,80.421
461,1.677,3.420,0.0842,0.3484,14517,35,31,84.509
462,1.697,4.961,0.4170,0.1704,14430,253,193
1,75.314
463,1.721,4.545,0.0890,0.1001,14437,254,205,75.922
464,1.922,4.498,0.0825,0.1057,14418,556,400,69.849
465,2.088,3.354,0.0902,0.1309,16060,892,342,75.990
466,2.243,4.675,0.0810,0.1335,14418,608,419,63.745
467,2.272,3.311,0.0844,0.1645,14504,276,224,63.096
468,2.274,4.828,0.7177,0.1505,14411,491,377,57.816
469,2.480,3.814,0.0896,0.1712,14422,126,107,55.365
470,2.584,3.557,0.8213,0.8956,14433,209,187,53.721
471,2.598,4.376,0.1015,0.1260,14411,405,317,51.043
472,2.653,3.448,0.1006,0.8847,14409,168,147,52.649
473,2.675,4.744,0.0832,0.1123,14418,312,258,47.716
474,2.774,4.114,0.0900,0.1494,14410,394,314,49.243
475,2.984,3.893,0.0963,0.1700,14433,581,418,49.766
476,3.237,0.578,0.0891,0.8460,14409,572,424,54.202
477,3.270,1.160,0.1002,0.1694,14457,406,318,51.764
478,3.311,2.272,0.0866,0.1439,14415,502,365
1,48.497
479,3.354,2.088,0.1014,0.1656,14548,84,65,46.325
480,3.420,1.677,0.0918,0.1774,14979,44,37,47.495
481,3.448,2.653,0.0877,0.1651,14415,103,91,42.935
482,3.557,2.584,0.0825,0.1176,14422,191,156,41.843
483,3.627,0.773,0.11869,0.8832,14474,476,364,47.670
484,3.674,0.465,0.0977,0.1395,14419,96,83,46.910
485,3.787,0.990,0.0821,0.1330,14438,292,227,43.816
486,3.814,2.480,0.0860,0.1443,14417,111,92,39.170
487,3.893,2.984,0.0830,0.1566,14413,379,303,39.180
488,4.114,2.774,0.4913,0.1403,14449,639,460
1,40.340
489,4.376,2.598,0.0821,0.1420,14409,208,172,34.133
490,4.456,1.229,0.0781,0.10356,14408,497,370,36.967
491,4.498,1.922,0.0814,0.7356,14408,272,222,35.513
492,4.545,1.721,0.0922,0.1218,14438,392,298,35.870
493,4.675,2.243,0.0894,0.1497,14410,611,438,34.534
494,4.744,2.675,0.9298,0.1255,14409,314,262,31.427
495,4.793,1.154,0.0710,0.1674,14410,475,369,35.294
496,4.817,0.879,0.4862,0.1456,14413,429,324,34.915
497,4.822,1.619,0.6890,0.1777,14409,198,172,32.817
498,4.828,2.274,0.0892,0.1514,14417,629,458
1,35.356
499,4.874,0.961,0.0799,0.5023,14416,85,75,33.846
500,4.961,1.697,0.0816,0.1130,14432,588,415
1,36.247
