Cenario,BandA,BandB,RTTA,RTTB,Sent,Retrans,Lost,Time
1,0.465,3.674,0.0908,0.1624,14421,112,97,43.064
2,0.578,3.237,0.0927,0.1507,14412,519,405
1,46.539
3,0.773,3.627,0.0969,0.1590,14419,461,341,40.409
4,0.879,4.817,0.8129,0.1754,14414,481,383,31.534
5,0.961,4.874,0.0906,0.1784,14435,157,124,30.167
6,0.990,3.787,0.0906,0.9145,14489,316,251,36.759
7,1.154,4.793,0.0873,0.1315,14418,440,342,29.983
8,1.160,3.270,0.0831,0.7573,14408,422,321,40.238
9,1.229,4.456,0.0858,0.1533,14407,543,409,31.591
10,1.619,4.822,0.8665,0.7662,14410,271,224,27.299
11,1.677,3.420,0.8813,0.11032,14605,40,36,34.635
12,1.697,4.961,0.0967,0.1523,14435,485,361,27.638
13,1.721,4.545,0.0895,0.1147,14442,362,294,28.363
14,1.922,4.498,0.0852,0.1294,14410,381,304,27.326
15,2.088,3.354,0.1019,0.1785,14410,239,187,32.598
16,2.243,4.675,0.0852,0.1271,14420,594,436
1,26.592
17,2.272,3.311,0.11013,0.1200,14413,392,317,32.218
18,2.274,4.828,0.0927,0.1431,14409,613,461
3,27.571
19,2.480,3.814,0.0746,0.1430,14451,88,84,27.764
20,2.584,3.557,0.0827,0.0847,14409,190,167,28.373
21,2.598,4.376,0.0882,0.1526,14405,238,197,25.452
22,2.653,3.448,0.0977,0.36243,14440,142,128,28.619
23,2.675,4.744,0.0761,0.1705,14409,332,276,23.620
24,2.774,4.114,0.0771,0.1459,14429,490,386,27.369
25,2.984,3.893,0.0801,0.1443,14405,487,391,26.426
26,3.237,0.578,0.0840,0.1443,14413,536,423,45.740
27,3.270,1.160,0.0837,0.1476,14411,415,331,39.901
28,3.311,2.272,0.0850,0.1235,14408,394,306,32.698
29,3.354,2.088,0.0998,0.1587,14411,226,191,32.130
30,3.420,1.677,0.0897,0.1185,14408,33,30,34.199
31,3.448,2.653,0.0896,0.1410,14404,149,133,28.557
32,3.557,2.584,0.0870,0.1463,14404,196,174,28.369
33,3.627,0.773,0.0883,0.9428,14429,460,361,40.737
34,3.674,0.465,0.0921,0.1747,14410,135,112,42.198
35,3.787,0.990,0.0864,0.1427,14472,316,263,36.813
36,3.814,2.480,0.0906,0.1367,14484,110,95,27.968
37,3.893,2.984,0.0837,0.10010,14411,505,399,26.313
38,4.114,2.774,0.0897,0.1470,14405,471,369,26.423
39,4.376,2.598,0.0935,0.1459,14407,303,253,25.303
40,4.456,1.229,0.0921,0.1625,14406,471,362,31.029
41,4.498,1.922,0.0899,0.8960,14412,362,288
1,28.116
42,4.545,1.721,0.0893,0.1034,14481,390,313,28.428
43,4.675,2.243,0.0818,0.1710,14420,533,412,26.389
44,4.744,2.675,0.0972,0.1459,14416,309,260,23.618
45,4.793,1.154,0.0938,0.1412,14473,403,314,30.238
46,4.817,0.879,0.8733,0.1229,14442,499,379
2,32.907
47,4.822,1.619,0.0832,0.1688,14407,234,191,27.191
48,4.828,2.274,0.0965,0.1360,14417,610,452
2,26.605
49,4.874,0.961,0.0733,0.1379,14411,159,122,29.993
50,4.961,1.697,0.0943,0.1376,14416,467,341,28.166
51,0.465,3.674,0.0771,0.9457,14405,138,110,42.297
52,0.578,3.237,0.0846,0.6871,14441,502,393,46.518
53,0.773,3.627,0.0918,0.9624,14471,473,364,40.276
54,0.879,4.817,0.8629,0.1505,14411,501,382,31.083
55,0.961,4.874,0.0897,0.8848,14421,172,132,30.091
56,0.990,3.787,0.0793,0.9842,14404,284,233,36.857
57,1.154,4.793,0.0855,0.4353,14426,456,373,29.825
58,1.160,3.270,0.0913,0.5349,14442,422,337,39.893
59,1.229,4.456,0.0836,0.8675,14407,549,419
1,31.633
60,1.619,4.822,0.9049,0.1427,14408,250,206,28.209
61,1.677,3.420,0.0955,0.1576,16175,55,33,40.356
62,1.697,4.961,0.0987,0.1169,14604,493,373,27.274
63,1.721,4.545,0.0924,0.10462,14442,364,304,28.430
64,1.922,4.498,0.0717,0.1237,14414,363,281,27.799
65,2.088,3.354,0.0889,0.1269,14412,215,171,32.593
66,2.243,4.675,0.0843,0.1257,14424,575,453
1,26.607
67,2.272,3.311,0.0978,0.1538,14408,441,335,33.108
68,2.274,4.828,0.0718,0.1252,14406,601,457,25.323
69,2.480,3.814,0.0785,0.1390,14404,105,95,27.678
70,2.584,3.557,0.0982,0.8544,14405,206,181,29.377
71,2.598,4.376,0.10779,0.1533,14421,297,235,26.336
72,2.653,3.448,0.0895,0.1525,14408,157,144,28.569
73,2.675,4.744,0.0928,0.5945,14406,277,246,23.694
74,2.774,4.114,0.0853,0.7317,14455,524,394,26.712
75,2.984,3.893,0.0911,0.3704,14443,483,391,26.284
76,3.237,0.578,0.0876,0.1164,14562,530,404,47.582
77,3.270,1.160,0.11310,0.1068,14414,409,324,39.798
78,3.311,2.272,0.0779,0.1180,14409,421,328,32.095
79,3.354,2.088,0.0940,0.1452,14564,202,150,32.668
80,3.420,1.677,0.0961,0.1500,14424,77,34,34.497
81,3.448,2.653,0.1074,0.1549,14403,150,126,28.549
82,3.557,2.584,0.0901,0.8907,14410,194,175,28.371
83,3.627,0.773,0.0804,0.1217,14436,425,330,39.969
84,3.674,0.465,0.0867,0.8505,14409,138,122,42.110
85,3.787,0.990,0.0953,0.1571,14409,293,235,36.642
86,3.814,2.480,0.0842,0.1271,14406,92,85,27.679
87,3.893,2.984,0.0900,0.1359,14462,453,357,26.330
88,4.114,2.774,0.0838,0.8699,14415,532,430
1,27.510
89,4.376,2.598,0.0902,0.1556,14417,267,221,26.501
90,4.456,1.229,0.0939,0.4959,14409,472,368,31.123
91,4.498,1.922,0.0883,0.1429,14409,334,249,27.587
92,4.545,1.721,0.0892,0.1442,14423,402,315,28.419
93,4.675,2.243,0.0932,0.9893,14470,594,433,27.592
94,4.744,2.675,0.0862,0.1403,14404,302,258,23.621
95,4.793,1.154,0.0757,0.1292,14460,438,348,29.837
96,4.817,0.879,0.0816,0.1053,14409,486,372,31.291
97,4.822,1.619,0.0848,0.4751,14408,224,186
1,27.231
98,4.828,2.274,0.1016,0.1399,14416,630,473,26.575
99,4.874,0.961,0.0697,0.1714,14411,138,116,30.005
100,4.961,1.697,0.8291,0.1529,14561,458,345,27.776
101,0.465,3.674,0.0941,0.1264,14410,125,110,42.128
102,0.578,3.237,0.0855,0.1692,14404,514,401,46.314
103,0.773,3.627,0.9381,0.1727,14484,446,340,40.634
104,0.879,4.817,0.0786,0.9791,14408,472,366,31.421
105,0.961,4.874,0.0728,0.1232,14414,142,119,30.135
106,0.990,3.787,0.0845,0.1307,14430,280,231,36.962
107,1.154,4.793,0.0885,0.1327,14405,435,327,31.564
108,1.160,3.270,0.0959,0.3844,14405,417,336,39.404
109,1.229,4.456,0.0979,0.1626,14430,469,364,31.520
110,1.619,4.822,0.1113,0.1934,14404,244,200,27.274
111,1.677,3.420,0.0890,0.1227,14409,41,35,34.191
112,1.697,4.961,0.7611,0.1405,14407,458,352,27.666
113,1.721,4.545,0.0859,0.5032,14434,365,292,28.260
114,1.922,4.498,0.0945,0.4550,14405,388,313,27.426
115,2.088,3.354,0.0893,0.1276,14462,220,180,32.389
116,2.243,4.675,0.1007,0.1458,14413,647,482,26.745
117,2.272,3.311,0.0774,0.1226,14405,411,342
1,31.974
118,2.274,4.828,0.0913,0.1613,14417,628,477,27.194
119,2.480,3.814,0.0830,0.1119,14452,112,104,27.880
120,2.584,3.557,0.0922,0.1377,14407,204,181
1,28.556
121,2.598,4.376,0.0668,0.1445,14457,293,240,25.273
122,2.653,3.448,0.0919,0.1252,14411,155,137,28.633
123,2.675,4.744,0.0799,0.8701,14407,319,270,23.608
124,2.774,4.114,0.0837,0.1534,14410,516,376
1,28.950
125,2.984,3.893,0.0917,0.6552,14410,477,362,26.012
126,3.237,0.578,0.0933,0.1174,14415,526,391
1,46.644
127,3.270,1.160,0.0911,0.1307,14405,447,340,40.540
128,3.311,2.272,0.0495,0.9194,14410,450,355
1,33.042
129,3.354,2.088,0.8399,0.1541,14516,226,166,33.051
130,3.420,1.677,0.0963,0.9878,14576,45,37,34.749
131,3.448,2.653,0.0954,0.1439,14409,146,130,28.622
132,3.557,2.584,0.0990,0.4928,14412,175,159,28.368
133,3.627,0.773,0.0842,0.5085,14541,475,360,41.041
134,3.674,0.465,0.0966,0.1589,14448,139,122,42.222
135,3.787,0.990,0.0878,0.1372,14462,285,239,37.082
136,3.814,2.480,0.0816,0.1347,14456,93,84,27.770
137,3.893,2.984,0.0869,0.4006,14436,447,363,26.003
138,4.114,2.774,0.1013,0.1590,14411,489,367
1,26.503
139,4.376,2.598,0.0889,0.1287,14407,279,235,25.106
140,4.456,1.229,0.0913,0.1354,14408,488,371,31.578
141,4.498,1.922,0.0715,0.7991,14417,369,291,28.010
142,4.545,1.721,0.0808,0.1533,14406,354,283,28.465
143,4.675,2.243,0.0811,0.1419,14412,547,438,25.794
144,4.744,2.675,0.0927,0.1563,14406,308,259,23.671
145,4.793,1.154,0.8359,0.1777,14410,454,349
1,29.549
146,4.817,0.879,0.9959,0.1388,14437,463,370,31.184
147,4.822,1.619,0.8970,0.1764,14469,243,202,27.331
148,4.828,2.274,0.0994,0.9571,14418,655,482,27.086
149,4.874,0.961,0.0911,0.1519,14413,174,135,30.022
150,4.961,1.697,0.8736,0.1776,14410,501,392,27.223
151,0.465,3.674,0.0925,0.1742,14412,124,99,42.464
152,0.578,3.237,0.0839,0.1313,14441,559,436,46.403
153,0.773,3.627,0.6955,0.1152,14469,463,356,40.427
154,0.879,4.817,0.8789,0.1520,14494,492,362,31.318
155,0.961,4.874,0.0907,0.1171,14437,200,145,30.270
156,0.990,3.787,0.0881,0.4685,14406,292,238,36.715
157,1.154,4.793,0.0985,0.3899,14411,454,357,30.008
158,1.160,3.270,0.0837,0.1666,14406,418,336,39.564
159,1.229,4.456,0.0984,0.1432,14404,481,384,31.322
160,1.619,4.822,0.8782,0.1293,14409,284,232,27.263
161,1.677,3.420,0.8862,0.1458,14407,47,42,34.352
162,1.697,4.961,0.8025,0.1846,14439,530,391
1,27.392
163,1.721,4.545,0.0814,0.1496,14494,367,282
1,28.976
164,1.922,4.498,0.0856,0.1654,14414,397,311
1,28.629
165,2.088,3.354,0.0930,0.1404,14404,215,171,33.414
166,2.243,4.675,0.0827,0.6696,14443,549,417
2,26.167
167,2.272,3.311,0.7150,0.1407,14410,402,320,31.892
168,2.274,4.828,0.10827,0.1535,14412,599,451
3,28.688
169,2.480,3.814,0.0885,0.1255,14405,111,97,27.685
170,2.584,3.557,0.0852,0.1162,14406,200,181,28.371
171,2.598,4.376,0.8828,0.1406,14408,296,251,25.258
172,2.653,3.448,0.0985,0.1610,14404,157,144,28.549
173,2.675,4.744,0.0812,0.1611,14406,282,237,23.723
174,2.774,4.114,0.0839,0.8971,14444,587,449,27.491
175,2.984,3.893,0.0939,0.1382,14428,469,366
1,26.243
176,3.237,0.578,0.0980,0.6237,14461,557,425,47.685
177,3.270,1.160,0.0955,0.1132,14440,439,339,39.885
178,3.311,2.272,0.0937,0.1469,14415,443,359
1,32.722
179,3.354,2.088,0.7685,0.0960,14422,212,160
1,32.607
180,3.420,1.677,0.0981,0.1885,14411,37,35,34.199
181,3.448,2.653,0.0885,0.1189,14498,129,115,28.950
182,3.557,2.584,0.0754,0.1491,14511,187,165,28.566
183,3.627,0.773,0.0787,0.1441,14438,474,391,40.513
184,3.674,0.465,0.0770,0.1470,14456,122,106,42.333
185,3.787,0.990,0.12618,0.1454,14440,316,265,36.591
186,3.814,2.480,0.0867,0.1367,14485,106,89,27.825
187,3.893,2.984,0.0886,0.7467,14404,439,349,25.982
188,4.114,2.774,0.0722,0.1470,14411,487,387
1,26.901
189,4.376,2.598,0.0869,0.4329,14411,305,258,25.351
190,4.456,1.229,0.0914,0.12089,14412,501,391,31.792
191,4.498,1.922,0.1004,0.11000,14411,383,305
1,27.533
192,4.545,1.721,0.0771,0.4166,14439,377,310,27.875
193,4.675,2.243,0.0865,0.1484,14417,605,449
2,27.900
194,4.744,2.675,0.0851,0.1655,14411,295,239,24.157
195,4.793,1.154,0.9547,0.1435,14409,395,305,30.154
196,4.817,0.879,0.7059,0.1169,14408,459,348,31.083
197,4.822,1.619,0.0855,0.1305,14431,273,213,27.614
198,4.828,2.274,0.0863,0.1720,14435,617,458,27.083
199,4.874,0.961,0.0817,0.1656,14409,162,127,30.169
200,4.961,1.697,0.9311,0.1275,14406,447,344,26.896
201,0.465,3.674,0.0892,0.7574,14406,107,98,42.103
202,0.578,3.237,0.0983,0.1411,14423,513,412,46.372
203,0.773,3.627,0.0916,0.0989,14574,475,366,40.493
204,0.879,4.817,0.0962,0.1437,14408,453,364,30.608
205,0.961,4.874,0.0759,0.1607,14405,157,128,29.941
206,0.990,3.787,0.0908,0.9377,14439,305,260,36.740
207,1.154,4.793,0.0878,0.1465,14407,456,352,30.137
208,1.160,3.270,0.0878,0.9836,14406,422,330,40.791
209,1.229,4.456,0.0892,0.1533,14413,515,380,31.202
210,1.619,4.822,0.0818,0.1474,14408,259,205
1,27.515
211,1.677,3.420,0.0869,0.7927,14632,29,27,34.712
212,1.697,4.961,0.0910,0.11420,14410,476,375
1,26.909
213,1.721,4.545,0.0802,0.1220,14450,378,307,28.290
214,1.922,4.498,0.0881,0.1310,14419,386,291
2,28.142
215,2.088,3.354,0.8669,0.1396,14405,228,167,32.670
216,2.243,4.675,0.0888,0.1206,14411,562,443
1,27.789
217,2.272,3.311,0.8278,0.0772,14408,411,343,31.527
218,2.274,4.828,0.0706,0.1354,14419,585,451
1,26.455
219,2.480,3.814,0.0852,0.9052,14404,102,91,27.682
220,2.584,3.557,0.0720,0.1240,14416,199,173,28.590
221,2.598,4.376,0.0915,0.1159,14404,299,262,25.043
222,2.653,3.448,0.0896,0.1371,14407,150,135,28.554
223,2.675,4.744,0.0884,0.1411,14410,313,265,23.940
224,2.774,4.114,0.0803,0.1455,14410,483,376
2,27.134
225,2.984,3.893,0.0839,0.1446,14416,478,382,27.148
226,3.237,0.578,0.0776,0.1466,14424,527,395,46.779
227,3.270,1.160,0.0880,0.1470,14412,429,335,40.114
228,3.311,2.272,0.0783,0.4976,14409,437,347
1,32.433
229,3.354,2.088,0.8940,0.1590,14674,243,173
1,33.340
230,3.420,1.677,0.0747,0.1506,16655,381,32,41.441
231,3.448,2.653,0.0961,0.1479,14404,144,123,28.661
232,3.557,2.584,0.0804,0.9101,14404,197,175,28.575
233,3.627,0.773,0.0704,0.1495,14406,450,353,40.803
234,3.674,0.465,0.9925,0.1229,14410,129,110,42.527
235,3.787,0.990,0.0855,0.1385,14406,270,231,36.483
236,3.814,2.480,0.0811,0.1655,14485,108,99,27.937
237,3.893,2.984,0.0826,0.1541,14434,459,365,26.793
238,4.114,2.774,0.0904,0.1201,14430,540,414,26.715
239,4.376,2.598,0.0848,0.1465,14407,283,243,25.615
240,4.456,1.229,0.0909,0.5236,14434,483,376,31.535
241,4.498,1.922,0.0923,0.1535,14407,366,286
1,27.517
242,4.545,1.721,0.0774,0.8202,14404,360,281,27.952
243,4.675,2.243,0.0906,0.1409,14422,601,445
1,26.828
244,4.744,2.675,0.0938,0.1685,14427,329,279,23.714
245,4.793,1.154,0.8182,0.1544,14408,463,370,29.517
246,4.817,0.879,0.11242,0.1752,14410,475,371,31.254
247,4.822,1.619,0.0888,0.1292,14454,243,189,27.193
248,4.828,2.274,0.0836,0.1547,14419,646,482
1,27.045
249,4.874,0.961,0.0824,0.1847,14443,166,128
2,30.144
250,4.961,1.697,0.10801,0.1339,14422,497,371,28.480
251,0.465,3.674,0.0934,0.1729,14448,113,98,42.345
252,0.578,3.237,0.0875,0.10787,14452,563,434,47.250
253,0.773,3.627,0.0846,0.12797,14439,437,341,40.435
254,0.879,4.817,0.8829,0.1220,14407,450,338
1,31.579
255,0.961,4.874,0.14212,0.1473,14429,165,119
1,30.039
256,0.990,3.787,0.0914,0.1752,14409,264,228,36.569
257,1.154,4.793,0.0944,0.8947,14468,421,335,29.754
258,1.160,3.270,0.0833,0.1786,14512,420,323,41.039
259,1.229,4.456,0.0901,0.1562,14404,490,400,32.012
260,1.619,4.822,0.10429,0.1171,14424,228,184
1,27.396
261,1.677,3.420,0.0763,0.1480,14409,49,44,34.193
262,1.697,4.961,0.7915,0.1391,14416,543,408,29.268
263,1.721,4.545,0.0970,0.1819,14486,359,277,28.118
264,1.922,4.498,0.7148,0.1492,14413,375,286,28.794
265,2.088,3.354,0.0942,0.1111,14692,297,164
1,33.174
266,2.243,4.675,0.0970,0.1400,14427,593,456
3,29.310
267,2.272,3.311,0.0943,0.1465,14411,428,344,32.302
268,2.274,4.828,0.0881,0.1630,14419,611,450
1,27.619
269,2.480,3.814,0.0821,0.1534,14428,112,105,27.720
270,2.584,3.557,0.0648,0.1176,14458,201,171,29.432
271,2.598,4.376,0.0835,0.1396,14406,314,255,25.056
272,2.653,3.448,0.1017,0.9429,14406,158,139,28.551
273,2.675,4.744,0.0782,0.1234,14414,298,251
1,24.588
274,2.774,4.114,0.0879,0.1374,14412,533,406,27.126
275,2.984,3.893,0.0892,0.5109,14421,466,358
2,27.369
276,3.237,0.578,0.0815,0.1854,14441,545,422
1,46.198
277,3.270,1.160,0.0958,0.1648,14408,387,308,39.735
278,3.311,2.272,0.0983,0.9671,14416,449,356,32.053
279,3.354,2.088,0.4059,0.1325,14674,245,131,33.911
280,3.420,1.677,0.0958,0.1302,17391,408,24,42.485
281,3.448,2.653,0.0800,0.1272,14415,146,130,28.573
282,3.557,2.584,0.0917,0.1546,14423,185,174,28.407
283,3.627,0.773,0.0939,0.1550,14616,444,351,40.597
284,3.674,0.465,0.0931,0.1674,14413,112,102,42.197
285,3.787,0.990,0.1053,0.1443,14412,329,263,36.909
286,3.814,2.480,0.0898,0.1474,14406,102,89,27.677
287,3.893,2.984,0.0875,0.1389,14414,476,383,26.483
288,4.114,2.774,0.8102,0.1485,14408,507,410,26.074
289,4.376,2.598,0.0879,0.1063,14407,283,244,25.056
290,4.456,1.229,0.0790,0.1768,14440,566,423,32.178
291,4.498,1.922,0.1007,0.1719,14411,324,263,27.581
292,4.545,1.721,0.0911,0.1581,14405,400,315,28.095
293,4.675,2.243,0.0980,0.1313,14420,560,434
1,26.447
294,4.744,2.675,0.0955,0.1546,14410,307,259,23.556
295,4.793,1.154,0.0996,0.23380,14405,455,374,29.608
296,4.817,0.879,0.0834,0.1545,14416,498,386,31.428
297,4.822,1.619,0.1036,0.1307,14442,263,210,27.488
298,4.828,2.274,0.8085,0.1315,14422,658,482,27.955
299,4.874,0.961,0.0916,0.10917,14411,144,116,29.930
300,4.961,1.697,0.0952,0.1444,14421,442,342
1,27.478
301,0.465,3.674,0.0845,0.1707,14476,147,117,42.338
302,0.578,3.237,0.0829,0.1357,14453,554,414
1,48.130
303,0.773,3.627,0.0877,0.8843,14437,452,356
1,40.466
304,0.879,4.817,0.0778,0.1595,14421,453,363,31.028
305,0.961,4.874,0.0837,0.1258,14410,165,131,30.066
306,0.990,3.787,0.0888,0.5970,14436,301,252,36.576
307,1.154,4.793,0.0871,0.4822,14415,398,321,29.979
308,1.160,3.270,0.0863,0.1466,14406,390,320,39.687
309,1.229,4.456,0.0924,0.1356,14408,485,388,31.270
310,1.619,4.822,0.10054,0.1479,14406,259,214
1,27.222
311,1.677,3.420,0.0882,0.1352,14501,42,35,34.414
312,1.697,4.961,0.8113,0.1520,14486,485,360,28.021
313,1.721,4.545,0.0797,0.8304,14405,348,275,28.280
314,1.922,4.498,0.0834,0.1746,14406,372,296
2,27.772
315,2.088,3.354,0.9177,0.1658,14420,224,180,32.499
316,2.243,4.675,0.0864,0.1423,14411,604,471
1,26.648
317,2.272,3.311,0.6888,0.1446,14404,433,329
1,32.665
318,2.274,4.828,0.0999,0.1295,14425,657,478
1,27.788
319,2.480,3.814,0.0759,0.1349,14406,102,93,27.683
320,2.584,3.557,0.0938,0.1118,14405,186,169,28.469
321,2.598,4.376,0.8994,0.1360,14409,279,232,25.311
322,2.653,3.448,0.0916,0.1511,14406,155,141,28.556
323,2.675,4.744,0.0892,0.1687,14408,323,267,24.000
324,2.774,4.114,0.0882,0.11784,14415,506,369
1,28.531
325,2.984,3.893,0.0951,0.1050,14407,447,346,26.135
326,3.237,0.578,0.0854,0.7490,14419,510,391,46.625
327,3.270,1.160,0.8749,0.1431,14406,440,355,39.730
328,3.311,2.272,0.1002,0.7801,14409,402,323,31.655
329,3.354,2.088,0.0847,0.1356,14433,223,184,32.301
330,3.420,1.677,0.0916,0.1336,14452,47,42,34.293
331,3.448,2.653,0.0852,0.1146,14411,162,148,28.571
332,3.557,2.584,0.0837,0.1462,14404,191,170,28.364
333,3.627,0.773,0.1023,0.8732,14638,462,347,42.594
334,3.674,0.465,0.0880,0.9563,14411,134,116,42.309
335,3.787,0.990,0.0924,0.1543,14448,304,258,36.573
336,3.814,2.480,0.0884,0.1108,14405,91,85,27.684
337,3.893,2.984,0.0904,0.4905,14415,438,338,26.466
338,4.114,2.774,0.0924,0.1113,14418,540,416
1,27.076
339,4.376,2.598,0.0888,0.1458,14411,284,237,25.320
340,4.456,1.229,0.0826,0.5351,14410,462,371,31.124
341,4.498,1.922,0.0959,0.1650,14455,375,295,28.086
342,4.545,1.721,0.9063,0.1252,14518,355,290,29.316
343,4.675,2.243,0.0895,0.1220,14407,604,465,26.386
344,4.744,2.675,0.0816,0.1223,14406,286,242,23.546
345,4.793,1.154,0.0797,0.1322,14418,391,316,30.020
346,4.817,0.879,0.10561,0.1468,14422,507,390,31.038
347,4.822,1.619,0.0937,0.1420,14434,263,211,27.280
348,4.828,2.274,0.0816,0.1570,14444,637,483
1,27.577
349,4.874,0.961,0.0950,0.1525,14409,144,113,30.181
350,4.961,1.697,0.0886,0.1126,14422,492,378,28.239
351,0.465,3.674,0.0904,0.1448,14441,127,109,42.180
352,0.578,3.237,0.0846,0.1500,14429,540,414,46.896
353,0.773,3.627,0.0881,0.9497,14411,446,337,40.500
354,0.879,4.817,0.0855,0.1828,14409,465,354
1,31.000
355,0.961,4.874,0.1014,0.1490,14411,145,119,30.207
356,0.990,3.787,0.0850,0.1447,14407,290,234,36.526
357,1.154,4.793,0.0949,0.1476,14410,443,338,30.059
358,1.160,3.270,0.0962,0.10162,14407,402,325,40.207
359,1.229,4.456,0.0915,0.1504,14406,520,407,31.173
360,1.619,4.822,0.0848,0.1474,14413,251,208,27.168
361,1.677,3.420,0.8522,0.1010,14409,35,33,34.174
362,1.697,4.961,0.1037,0.1708,14405,510,373,27.678
363,1.721,4.545,0.0828,0.1254,14410,372,296,28.078
364,1.922,4.498,0.0892,0.5261,14409,343,266,27.687
365,2.088,3.354,0.0908,0.8071,14443,219,165,32.283
366,2.243,4.675,0.0896,0.8735,14408,569,433,26.257
367,2.272,3.311,0.0834,0.1350,14405,374,292,32.320
368,2.274,4.828,0.9706,0.1470,14422,625,462
2,29.250
369,2.480,3.814,0.0990,0.1449,14406,96,88,27.740
370,2.584,3.557,0.0980,0.1399,14411,207,171,28.450
371,2.598,4.376,0.0913,0.1532,14404,302,261,26.057
372,2.653,3.448,0.0847,0.8493,14407,154,135,28.571
373,2.675,4.744,0.0811,0.1031,14407,305,259,23.554
374,2.774,4.114,0.0969,0.9789,14410,520,415,30.023
375,2.984,3.893,0.0873,0.1508,14412,470,375,26.738
376,3.237,0.578,0.0864,0.1192,14407,547,420
1,47.076
377,3.270,1.160,0.0970,0.1484,14420,398,311,39.618
378,3.311,2.272,0.0789,0.1398,14417,400,320
1,32.596
379,3.354,2.088,0.9088,0.1535,14450,219,169,32.569
380,3.420,1.677,0.1059,0.1397,14411,54,52,34.170
381,3.448,2.653,0.0911,0.1368,14409,167,148,28.711
382,3.557,2.584,0.0891,0.1259,14406,192,174,28.443
383,3.627,0.773,0.0837,0.1578,14553,462,356,40.524
384,3.674,0.465,0.0875,0.1480,14404,126,108,42.110
385,3.787,0.990,0.0946,0.1402,14498,308,253,36.854
386,3.814,2.480,0.0991,0.1221,14417,100,88,27.701
387,3.893,2.984,0.0982,0.8713,14409,436,349,25.810
388,4.114,2.774,0.0862,0.1462,14414,509,392
1,27.144
389,4.376,2.598,0.0971,0.1249,14405,264,226,25.487
390,4.456,1.229,0.0843,0.1282,14405,450,344,30.847
391,4.498,1.922,0.0877,0.1367,14414,367,290,27.551
392,4.545,1.721,0.0638,0.1381,14406,363,297,28.084
393,4.675,2.243,0.0892,0.9927,14417,581,450,26.335
394,4.744,2.675,0.0918,0.1538,14430,330,281,23.598
395,4.793,1.154,0.9739,0.1419,14407,452,366,29.496
396,4.817,0.879,0.6644,0.1456,14409,460,366,30.790
397,4.822,1.619,0.0926,0.1365,14408,239,193,27.295
398,4.828,2.274,0.0875,0.7677,14406,623,457
2,26.064
399,4.874,0.961,0.32344,0.1511,14451,137,103,30.103
400,4.961,1.697,0.0941,0.1406,14419,494,360
2,28.336
401,0.465,3.674,0.0900,0.1296,14407,152,129,42.196
402,0.578,3.237,0.0827,0.1618,14439,519,410,46.077
403,0.773,3.627,0.0928,0.3595,14419,433,330
1,41.719
404,0.879,4.817,0.8077,0.1451,14461,433,339,31.240
405,0.961,4.874,0.0768,0.1764,14454,156,121,30.210
406,0.990,3.787,0.0811,0.1437,14409,302,263,37.616
407,1.154,4.793,0.0841,0.3539,14412,453,362,29.749
408,1.160,3.270,0.0919,0.1326,14404,387,314,39.485
409,1.229,4.456,0.0918,0.1391,14408,490,372,31.945
410,1.619,4.822,0.0722,0.1433,14451,256,213,27.194
411,1.677,3.420,0.7637,0.1449,14402,35,32,34.212
412,1.697,4.961,0.0918,0.1615,14443,442,350,26.532
413,1.721,4.545,0.0882,0.1324,14423,366,291,28.296
414,1.922,4.498,0.0975,0.1546,14422,390,286,27.782
415,2.088,3.354,0.7367,0.1107,14414,235,189,32.226
416,2.243,4.675,0.0949,0.1234,14408,582,441,26.340
417,2.272,3.311,0.8030,0.1346,14431,415,334,32.139
418,2.274,4.828,0.6887,0.1493,14410,589,441
1,25.884
419,2.480,3.814,0.0888,0.21992,14403,102,93,27.681
420,2.584,3.557,0.0994,0.1581,14406,188,170,28.375
421,2.598,4.376,0.6031,0.1524,14470,263,221,25.447
422,2.653,3.448,0.0832,0.2829,14406,154,140,28.701
423,2.675,4.744,0.0875,0.4604,14411,286,238,23.983
424,2.774,4.114,0.0822,0.1613,14414,538,401,27.570
425,2.984,3.893,0.0876,0.9789,14417,441,374
1,26.347
426,3.237,0.578,0.0925,0.1352,14416,553,422
1,46.952
427,3.270,1.160,0.0811,0.1685,14431,424,330,42.603
428,3.311,2.272,0.0886,0.1428,14421,389,308,31.820
429,3.354,2.088,0.5336,0.1565,14410,225,175,32.989
430,3.420,1.677,0.0877,0.1283,14411,33,30,34.217
431,3.448,2.653,0.1007,0.1426,14409,152,131,28.561
432,3.557,2.584,0.0944,0.1543,14403,209,188,28.364
433,3.627,0.773,0.0740,0.9442,14427,464,364,40.117
434,3.674,0.465,0.0882,0.1278,14433,128,107,42.162
435,3.787,0.990,0.8256,0.1360,14406,316,268,36.648
436,3.814,2.480,0.0909,0.1197,14404,109,100,27.678
437,3.893,2.984,0.0866,0.9263,14405,455,367,26.194
438,4.114,2.774,0.0833,0.1522,14406,510,406,26.188
439,4.376,2.598,0.0899,0.1422,14403,293,246,25.361
440,4.456,1.229,0.0928,0.1408,14406,480,370,31.007
441,4.498,1.922,0.0687,0.1443,14408,350,277,27.652
442,4.545,1.721,0.0929,0.1633,14406,353,293,27.827
443,4.675,2.243,0.0853,0.8338,14412,580,437
1,26.586
444,4.744,2.675,0.0962,0.1372,14404,302,247,23.948
445,4.793,1.154,0.4875,0.1224,14420,444,353,29.862
446,4.817,0.879,0.7135,0.1410,14444,479,379,30.861
447,4.822,1.619,0.0879,0.1472,14406,263,214,27.111
448,4.828,2.274,0.0893,0.1523,14427,656,476
2,27.473
449,4.874,0.961,0.0871,0.1527,14407,168,130,30.146
450,4.961,1.697,0.0895,0.3889,14429,475,367,27.842
451,0.465,3.674,0.0768,0.1699,14438,144,125,42.182
452,0.578,3.237,0.0852,0.1449,14408,534,405,46.001
453,0.773,3.627,0.0850,0.10250,14448,455,362,40.203
454,0.879,4.817,0.7248,0.1245,14453,500,386,31.547
455,0.961,4.874,0.0969,0.1553,14408,178,139,29.969
456,0.990,3.787,0.0932,0.1418,14404,306,252,36.494
457,1.154,4.793,0.0851,0.1350,14410,448,350,29.636
458,1.160,3.270,0.0876,0.1352,14410,405,332,39.684
459,1.229,4.456,0.0853,0.1556,14442,451,351,31.247
460,1.619,4.822,0.8591,0.1329,14404,274,232,27.094
461,1.677,3.420,0.10469,0.1510,14405,40,35,34.192
462,1.697,4.961,0.0881,0.1588,14410,469,339,27.039
463,1.721,4.545,0.0987,0.1345,14422,376,315,29.216
464,1.922,4.498,0.0763,0.1388,14406,340,271,27.899
465,2.088,3.354,0.0797,0.9580,14410,233,190
1,32.605
466,2.243,4.675,0.0832,0.5283,14439,599,448,27.288
467,2.272,3.311,0.0821,0.1628,14479,397,319,32.302
468,2.274,4.828,0.5842,0.1441,14413,580,440,26.434
469,2.480,3.814,0.0880,0.1150,14404,93,80,27.692
470,2.584,3.557,0.0933,0.1352,14421,201,178,28.534
471,2.598,4.376,0.0743,0.1510,14405,290,252,25.054
472,2.653,3.448,0.0812,0.17307,14404,140,118,28.550
473,2.675,4.744,0.0874,0.1422,14512,293,237,23.874
474,2.774,4.114,0.0941,0.1508,14455,522,400,26.648
475,2.984,3.893,0.0891,0.1529,14418,519,412,27.141
476,3.237,0.578,0.0956,0.10069,14449,523,387,47.104
477,3.270,1.160,0.0847,0.1382,14423,463,360,40.182
478,3.311,2.272,0.0815,0.1507,14419,410,333,32.416
479,3.354,2.088,0.9029,0.1461,14455,213,175,32.344
480,3.420,1.677,0.0938,0.9221,15085,46,36,35.801
481,3.448,2.653,0.0911,0.1194,14406,150,137,28.555
482,3.557,2.584,0.0874,0.8606,14408,200,178,28.366
483,3.627,0.773,0.0852,0.1572,14444,452,344
1,40.309
484,3.674,0.465,0.9690,0.1559,14420,144,133,42.143
485,3.787,0.990,0.0925,0.1453,14407,308,253,36.587
486,3.814,2.480,0.0748,0.1315,14432,104,91,27.814
487,3.893,2.984,0.0710,0.1254,14410,446,359
1,26.252
488,4.114,2.774,0.0611,0.1729,14422,465,358,26.770
489,4.376,2.598,0.0937,0.1539,14440,289,243,26.278
490,4.456,1.229,0.0863,0.1648,14416,485,381,31.377
491,4.498,1.922,0.0971,0.10086,14404,347,272,27.379
492,4.545,1.721,0.0937,0.10742,14452,358,299,28.374
493,4.675,2.243,0.0787,0.1209,14410,545,422,26.776
494,4.744,2.675,0.0958,0.1325,14427,284,243,23.703
495,4.793,1.154,0.7709,0.1686,14406,407,308,29.660
496,4.817,0.879,0.8373,0.1524,14409,509,386,31.042
497,4.822,1.619,0.0921,0.3526,14471,253,205,27.328
498,4.828,2.274,0.0880,0.1329,14410,583,455
2,25.990
499,4.874,0.961,0.0857,0.1733,14432,167,134,30.231
500,4.961,1.697,0.9079,0.1378,14407,495,382
1,27.700
